# Simulation 681
# RelativeTime(days) Magnitude Generation
Time Mag Gen
7.036	 4.39	 1
7.143	 5.19	 1
7.255	 3.95	 2
7.345	 4.40	 1
7.363	 4.18	 1
7.582	 4.30	 1
7.728	 5.23	 1
7.786	 3.95	 1
7.808	 4.96	 2
7.950	 3.93	 1
8.042	 3.95	 2
8.076	 3.85	 2
8.118	 4.23	 1
8.385	 3.83	 1
8.487	 4.06	 3
8.744	 4.18	 1
9.050	 4.37	 1
9.061	 4.38	 1
9.396	 4.27	 1
9.407	 4.23	 1
9.618	 4.11	 1
9.645	 4.09	 1
9.787	 3.83	 2
9.823	 3.95	 1
9.833	 4.07	 1
9.848	 4.14	 1
9.881	 4.14	 3
10.026	 4.07	 1
10.440	 3.98	 1
10.443	 3.83	 1
10.498	 3.96	 1
10.723	 4.86	 1
11.239	 5.74	 1
11.247	 4.10	 2
11.272	 3.84	 2
11.302	 3.88	 2
11.335	 4.90	 2
11.340	 7.30	 2
11.351	 4.23	 3
11.352	 4.43	 3
11.352	 3.92	 3
11.352	 4.14	 3
11.353	 3.85	 3
11.354	 4.46	 1
11.356	 4.17	 3
11.356	 4.08	 3
11.356	 3.85	 3
11.358	 3.87	 3
11.363	 3.82	 2
11.366	 4.11	 3
11.369	 4.77	 3
11.378	 4.24	 3
11.378	 4.01	 3
11.380	 4.04	 3
11.380	 4.10	 3
11.381	 4.73	 3
11.381	 4.29	 3
11.382	 4.27	 3
11.383	 3.87	 3
11.386	 3.89	 3
11.391	 4.54	 3
11.391	 4.51	 3
11.392	 4.85	 3
11.392	 4.33	 3
11.393	 4.04	 4
11.396	 4.29	 1
11.398	 3.89	 3
11.400	 4.24	 3
11.411	 4.41	 3
11.411	 4.49	 3
11.415	 3.94	 3
11.417	 4.58	 3
11.422	 4.08	 3
11.432	 3.98	 3
11.434	 4.39	 4
11.445	 3.96	 3
11.445	 3.82	 3
11.449	 3.97	 3
11.455	 3.89	 3
11.460	 3.88	 3
11.461	 4.15	 3
11.472	 3.86	 3
11.473	 4.12	 3
11.487	 3.96	 3
11.494	 4.30	 3
11.499	 4.21	 3
11.505	 4.14	 3
11.506	 4.73	 3
11.511	 3.99	 3
11.511	 3.85	 3
11.525	 3.99	 3
11.527	 4.03	 3
11.527	 4.78	 3
11.540	 4.24	 4
11.547	 4.13	 3
11.550	 4.22	 3
11.552	 3.84	 3
11.569	 4.67	 3
11.574	 4.48	 3
11.578	 4.63	 3
11.579	 3.88	 3
11.579	 4.30	 3
11.589	 3.85	 3
11.590	 4.18	 3
11.594	 3.99	 3
11.600	 4.07	 3
11.619	 4.07	 3
11.621	 4.35	 3
11.635	 3.99	 3
11.647	 7.31	 3
11.648	 4.15	 4
11.648	 3.89	 3
11.651	 3.91	 4
11.651	 3.89	 4
11.651	 4.02	 4
11.651	 4.23	 4
11.652	 4.51	 4
11.659	 4.48	 4
11.659	 3.93	 3
11.660	 3.84	 3
11.662	 3.88	 4
11.662	 3.82	 4
11.663	 4.21	 3
11.665	 4.64	 4
11.665	 4.07	 4
11.673	 4.76	 4
11.675	 5.33	 4
11.680	 3.88	 4
11.683	 3.92	 4
11.685	 4.07	 4
11.686	 3.83	 4
11.688	 4.55	 4
11.694	 4.51	 3
11.699	 3.87	 5
11.705	 3.95	 4
11.707	 4.69	 3
11.711	 3.91	 4
11.713	 4.34	 4
11.715	 4.19	 3
11.717	 5.17	 5
11.719	 3.96	 4
11.727	 4.33	 4
11.728	 3.83	 4
11.734	 3.91	 4
11.737	 4.75	 3
11.738	 4.08	 3
11.743	 3.87	 4
11.743	 4.30	 4
11.745	 3.87	 4
11.747	 4.39	 4
11.752	 4.06	 4
11.754	 4.04	 4
11.754	 5.02	 4
11.756	 4.09	 4
11.758	 4.35	 4
11.759	 4.12	 4
11.763	 5.03	 5
11.764	 3.83	 4
11.772	 7.51	 3
11.773	 4.54	 4
11.773	 4.11	 4
11.774	 4.74	 4
11.775	 4.27	 4
11.775	 4.24	 4
11.776	 3.98	 4
11.776	 3.90	 4
11.777	 4.50	 4
11.777	 4.33	 3
11.777	 3.84	 4
11.782	 5.20	 4
11.783	 4.45	 4
11.784	 3.99	 4
11.785	 4.28	 4
11.789	 4.22	 4
11.791	 4.04	 4
11.792	 3.83	 4
11.793	 4.71	 4
11.793	 4.59	 4
11.798	 3.86	 4
11.798	 4.03	 4
11.798	 4.37	 4
11.798	 3.91	 4
11.801	 3.98	 4
11.803	 4.01	 4
11.804	 3.95	 4
11.806	 5.02	 4
11.807	 4.63	 4
11.811	 5.54	 4
11.814	 4.11	 4
11.814	 4.00	 5
11.814	 4.03	 4
11.815	 3.85	 4
11.816	 4.09	 4
11.818	 4.51	 4
11.818	 3.85	 4
11.819	 3.83	 4
11.820	 5.14	 4
11.823	 4.38	 4
11.826	 4.52	 4
11.826	 4.08	 4
11.827	 4.05	 4
11.829	 4.82	 4
11.829	 4.43	 4
11.830	 4.63	 3
11.830	 4.27	 4
11.830	 4.09	 4
11.831	 4.60	 4
11.837	 4.82	 4
11.837	 4.01	 4
11.842	 3.84	 4
11.843	 3.96	 3
11.843	 3.83	 4
11.846	 4.03	 4
11.847	 3.91	 4
11.848	 3.85	 4
11.848	 3.93	 5
11.849	 4.33	 4
11.850	 3.90	 4
11.851	 3.86	 4
11.851	 3.95	 4
11.851	 4.02	 4
11.853	 4.07	 4
11.860	 5.41	 4
11.864	 3.84	 3
11.871	 3.94	 4
11.879	 4.64	 3
11.882	 4.69	 4
11.885	 3.90	 4
11.888	 4.61	 4
11.888	 3.98	 4
11.890	 4.00	 4
11.890	 3.98	 5
11.892	 4.99	 4
11.893	 3.91	 3
11.893	 4.32	 4
11.899	 4.08	 5
11.908	 4.42	 4
11.910	 4.21	 5
11.915	 4.02	 4
11.917	 4.21	 4
11.919	 4.12	 3
11.921	 4.03	 4
11.922	 4.09	 4
11.922	 4.46	 4
11.925	 4.32	 4
11.929	 4.05	 4
11.931	 6.02	 4
11.933	 4.33	 3
11.935	 4.89	 4
11.936	 4.19	 4
11.938	 4.96	 4
11.945	 4.02	 3
11.947	 5.19	 4
11.952	 3.89	 4
11.953	 3.88	 4
11.954	 4.48	 5
11.955	 4.38	 4
11.955	 5.19	 4
11.958	 3.87	 3
11.964	 4.01	 4
11.971	 3.95	 3
11.974	 4.22	 4
11.974	 4.15	 4
11.979	 4.58	 4
11.983	 4.11	 4
11.987	 4.05	 4
11.987	 5.34	 4
11.992	 4.01	 4
11.993	 4.05	 3
11.997	 3.95	 3
11.998	 4.11	 4
12.003	 4.46	 4
12.008	 4.01	 5
12.009	 4.17	 4
12.013	 3.86	 4
12.021	 4.12	 5
12.022	 5.05	 3
12.022	 4.24	 4
12.025	 4.07	 4
12.027	 3.98	 4
12.027	 3.85	 4
12.027	 3.83	 4
12.037	 3.90	 4
12.037	 4.02	 3
12.037	 5.19	 4
12.038	 3.98	 4
12.041	 4.07	 5
12.044	 3.86	 4
12.045	 3.96	 5
12.045	 3.94	 4
12.048	 4.12	 3
12.052	 4.83	 4
12.061	 3.83	 3
12.064	 3.93	 4
12.068	 3.86	 3
12.070	 4.78	 4
12.070	 4.57	 4
12.070	 4.60	 4
12.071	 4.04	 4
12.071	 4.05	 3
12.075	 3.86	 4
12.078	 4.26	 4
12.081	 4.32	 3
12.083	 3.94	 4
12.085	 4.76	 5
12.085	 3.83	 4
12.089	 4.14	 5
12.097	 4.25	 5
12.099	 4.67	 3
12.099	 4.29	 4
12.105	 5.25	 4
12.109	 3.93	 4
12.112	 4.81	 3
12.115	 4.68	 5
12.117	 4.30	 4
12.119	 4.62	 4
12.122	 4.09	 4
12.123	 4.06	 4
12.130	 3.99	 4
12.145	 4.74	 4
12.146	 4.22	 4
12.147	 3.83	 3
12.152	 4.67	 5
12.162	 3.86	 1
12.163	 4.50	 4
12.165	 4.81	 4
12.167	 3.98	 4
12.191	 4.25	 4
12.195	 4.30	 4
12.198	 3.91	 4
12.199	 4.97	 3
12.201	 3.83	 4
12.201	 4.34	 5
12.201	 4.14	 4
12.204	 4.01	 3
12.222	 4.47	 4
12.229	 4.18	 4
12.232	 4.07	 4
12.234	 4.44	 4
12.235	 4.00	 4
12.237	 4.73	 4
12.239	 4.19	 4
12.266	 3.85	 4
12.271	 4.23	 5
12.274	 3.83	 3
12.275	 4.13	 4
12.289	 4.73	 3
12.292	 4.11	 5
12.294	 4.22	 5
12.297	 4.80	 4
12.303	 4.01	 4
12.307	 4.32	 1
12.310	 4.14	 1
12.318	 5.47	 3
12.319	 4.54	 4
12.345	 4.15	 4
12.358	 4.40	 6
12.363	 3.94	 4
12.369	 4.56	 1
12.372	 3.84	 4
12.374	 4.00	 4
12.379	 4.23	 4
12.386	 4.37	 3
12.395	 3.84	 4
12.402	 5.62	 2
12.402	 3.91	 4
12.404	 3.94	 6
12.405	 4.58	 4
12.410	 4.08	 4
12.410	 4.53	 4
12.428	 3.97	 4
12.434	 4.24	 4
12.442	 4.23	 4
12.445	 3.99	 5
12.446	 4.06	 4
12.470	 3.89	 4
12.478	 3.89	 3
12.482	 6.40	 4
12.490	 4.29	 5
12.493	 4.50	 5
12.501	 4.25	 4
12.502	 3.87	 4
12.503	 3.90	 5
12.516	 4.22	 3
12.519	 5.09	 4
12.526	 4.10	 4
12.536	 4.02	 3
12.548	 3.88	 4
12.553	 4.40	 3
12.565	 3.85	 5
12.571	 4.20	 5
12.580	 4.17	 4
12.581	 4.70	 5
12.600	 4.69	 4
12.600	 3.86	 4
12.601	 4.50	 4
12.606	 4.19	 5
12.617	 4.60	 5
12.622	 3.82	 4
12.623	 3.90	 4
12.624	 4.67	 4
12.626	 4.20	 4
12.629	 4.64	 4
12.631	 3.85	 3
12.649	 4.17	 3
12.655	 4.54	 4
12.658	 3.87	 5
12.663	 4.15	 3
12.672	 4.56	 3
12.672	 4.26	 3
12.673	 4.06	 4
12.687	 4.16	 4
12.689	 4.06	 4
12.691	 4.30	 4
12.692	 4.32	 5
12.701	 3.96	 3
12.705	 4.11	 5
12.708	 4.19	 3
12.709	 4.09	 5
12.716	 4.09	 4
12.717	 3.96	 5
12.718	 3.98	 4
12.721	 3.97	 4
12.742	 4.19	 3
12.744	 3.84	 4
12.747	 4.66	 4
12.749	 5.12	 4
12.750	 4.02	 4
12.761	 4.42	 5
12.765	 4.21	 4
12.769	 6.09	 4
12.775	 3.87	 1
12.781	 4.02	 5
12.781	 4.39	 5
12.782	 3.91	 5
12.815	 4.34	 4
12.828	 3.92	 3
12.831	 3.92	 4
12.838	 3.92	 5
12.851	 4.20	 4
12.857	 4.03	 4
12.860	 3.83	 5
12.863	 4.43	 4
12.867	 4.31	 1
12.877	 4.27	 4
12.890	 3.89	 4
12.901	 5.95	 5
12.906	 3.97	 4
12.908	 4.43	 6
12.910	 5.21	 4
12.924	 4.22	 4
12.935	 5.14	 4
12.935	 3.95	 5
12.943	 3.92	 5
12.946	 4.27	 4
12.948	 3.89	 5
12.971	 4.07	 4
12.982	 3.82	 3
12.990	 4.01	 6
12.997	 4.73	 4
12.998	 3.97	 4
13.017	 4.43	 4
13.058	 4.45	 4
13.068	 3.94	 4
13.074	 3.94	 4
13.079	 4.03	 4
13.094	 4.93	 6
13.097	 4.22	 4
13.110	 3.86	 4
13.111	 3.97	 6
13.114	 4.21	 4
13.128	 4.18	 6
13.144	 4.45	 4
13.155	 3.95	 3
13.159	 3.87	 4
13.174	 4.53	 3
13.175	 3.92	 4
13.193	 4.09	 3
13.217	 5.37	 5
13.230	 4.12	 4
13.237	 5.73	 5
13.238	 4.99	 4
13.240	 4.09	 5
13.241	 5.46	 6
13.246	 5.10	 3
13.260	 5.38	 4
13.264	 3.96	 3
13.274	 3.84	 2
13.278	 4.56	 4
13.281	 4.08	 4
13.296	 3.95	 4
13.299	 4.07	 5
13.302	 4.80	 3
13.306	 4.09	 5
13.307	 3.83	 5
13.307	 4.61	 6
13.312	 3.88	 6
13.314	 3.83	 4
13.317	 4.14	 5
13.323	 4.14	 4
13.325	 4.48	 4
13.325	 4.00	 4
13.344	 4.11	 4
13.345	 3.99	 6
13.349	 3.89	 5
13.369	 5.22	 5
13.375	 3.84	 3
13.379	 4.70	 5
13.381	 3.84	 4
13.389	 3.98	 6
13.392	 4.08	 6
13.393	 5.93	 3
13.397	 3.92	 3
13.402	 4.76	 4
13.406	 4.24	 4
13.407	 4.48	 4
13.409	 4.31	 4
13.437	 3.89	 5
13.440	 3.95	 3
13.470	 4.06	 4
13.491	 4.11	 3
13.503	 4.20	 3
13.506	 3.87	 4
13.508	 4.17	 6
13.513	 3.90	 4
13.531	 4.16	 4
13.568	 4.17	 6
13.568	 4.24	 5
13.571	 4.30	 3
13.573	 3.93	 5
13.577	 3.99	 4
13.584	 4.27	 3
13.599	 4.47	 7
13.608	 4.00	 1
13.618	 4.22	 4
13.622	 4.01	 6
13.627	 4.25	 3
13.629	 3.98	 4
13.632	 4.41	 3
13.658	 3.95	 4
13.678	 5.18	 4
13.682	 4.75	 4
13.686	 4.13	 4
13.686	 4.03	 5
13.695	 4.53	 5
13.698	 4.28	 5
13.698	 4.44	 4
13.706	 4.59	 4
13.724	 3.88	 4
13.736	 5.24	 3
13.744	 4.21	 4
13.752	 3.96	 3
13.769	 3.88	 4
13.804	 4.29	 4
13.811	 4.43	 4
13.828	 3.94	 3
13.839	 4.58	 4
13.859	 4.14	 4
13.874	 4.53	 3
13.881	 4.02	 4
13.888	 4.23	 5
13.889	 3.92	 1
13.897	 3.85	 3
13.930	 4.26	 4
13.947	 4.78	 6
13.962	 4.31	 4
13.973	 4.45	 4
13.980	 4.30	 1
