# Simulation 942
# RelativeTime(days) Magnitude Generation
Time Mag Gen
7.025	 4.36	 1
7.103	 4.79	 1
7.132	 3.94	 1
7.341	 4.17	 1
7.452	 4.99	 1
7.670	 3.87	 1
7.856	 3.91	 1
7.928	 4.71	 1
7.972	 4.34	 1
8.104	 4.23	 1
8.149	 4.26	 1
8.199	 4.00	 1
8.727	 4.18	 1
8.765	 3.94	 1
8.899	 4.06	 1
8.975	 3.87	 1
9.024	 4.51	 1
9.084	 4.55	 1
9.169	 3.82	 1
9.262	 4.22	 1
9.517	 3.83	 1
9.582	 3.96	 1
9.614	 4.31	 1
9.622	 4.53	 1
9.628	 4.13	 1
9.652	 4.61	 1
9.936	 4.14	 1
10.257	 4.05	 1
10.280	 3.83	 1
10.464	 4.27	 1
10.465	 4.11	 1
10.521	 4.28	 1
10.620	 4.54	 1
10.767	 4.52	 1
10.951	 4.89	 1
11.007	 4.20	 1
11.200	 4.07	 1
11.339	 5.77	 1
11.448	 4.10	 1
11.495	 4.15	 1
11.640	 4.57	 1
11.714	 3.95	 1
12.096	 5.15	 1
12.135	 3.94	 1
12.425	 4.01	 1
12.563	 3.84	 1
12.695	 4.11	 1
12.886	 4.70	 1
13.027	 3.98	 1
13.254	 4.50	 1
13.495	 3.93	 1
13.559	 4.06	 1
