# Simulation 408
# RelativeTime(days) Magnitude Generation
Time Mag Gen
7.076	 4.08	 1
7.231	 3.85	 1
7.261	 3.89	 1
7.286	 4.15	 1
7.308	 3.84	 1
7.500	 4.52	 1
7.594	 4.37	 1
7.840	 4.69	 1
8.169	 3.90	 1
8.325	 5.18	 1
8.358	 4.07	 1
8.468	 4.91	 1
8.548	 3.82	 1
8.582	 4.37	 1
8.587	 4.44	 1
8.588	 4.56	 1
8.605	 4.40	 1
8.679	 4.42	 1
8.730	 4.37	 1
9.017	 4.45	 1
9.161	 3.87	 1
9.343	 4.26	 1
9.413	 3.93	 1
9.891	 3.88	 1
9.915	 4.19	 1
9.978	 4.27	 1
10.022	 3.85	 1
10.029	 3.85	 1
10.125	 4.73	 1
10.199	 3.84	 1
10.335	 4.82	 1
10.347	 4.27	 1
10.378	 3.95	 1
10.580	 4.75	 1
10.758	 3.98	 1
10.926	 4.41	 1
10.949	 5.43	 1
11.066	 3.83	 1
11.097	 4.45	 1
11.214	 3.85	 1
11.294	 4.74	 1
11.303	 4.16	 1
11.331	 3.91	 1
11.604	 4.55	 1
11.764	 4.00	 1
11.880	 4.58	 1
12.102	 4.13	 1
12.288	 5.08	 1
12.342	 4.28	 1
12.371	 4.15	 1
12.687	 4.23	 1
12.777	 4.38	 1
12.809	 4.69	 1
12.862	 4.79	 1
13.130	 4.34	 1
13.185	 5.22	 1
13.289	 5.19	 1
13.539	 4.02	 1
13.963	 3.97	 1
13.993	 4.07	 1
