# Simulation 91
# RelativeTime(days) Magnitude Generation
Time Mag Gen
7.086	 4.01	 1
7.121	 3.97	 1
7.314	 5.00	 1
7.508	 3.99	 2
7.714	 4.06	 1
7.834	 4.05	 1
7.960	 4.12	 1
8.256	 4.04	 1
8.315	 4.27	 1
8.355	 4.05	 1
8.485	 4.41	 1
8.490	 4.01	 1
8.759	 4.35	 1
8.794	 3.99	 1
8.899	 4.47	 1
8.923	 3.91	 1
8.951	 3.97	 1
8.981	 4.26	 1
9.004	 3.95	 1
9.100	 4.14	 1
9.283	 3.83	 1
9.457	 3.93	 1
9.881	 5.30	 1
9.901	 3.84	 1
9.976	 4.36	 1
10.050	 4.44	 1
10.135	 3.87	 1
10.185	 3.83	 1
10.448	 4.65	 1
10.503	 3.98	 1
10.521	 3.99	 1
10.971	 3.90	 1
11.003	 3.94	 1
11.063	 4.25	 1
11.486	 4.37	 1
11.510	 3.89	 1
11.929	 3.94	 1
12.056	 4.88	 1
12.245	 5.35	 1
12.288	 4.36	 1
12.333	 4.56	 2
12.334	 3.93	 1
12.354	 3.82	 1
12.464	 3.93	 2
12.643	 4.49	 1
12.748	 3.98	 1
12.977	 4.16	 1
13.020	 5.12	 1
13.087	 4.30	 1
13.180	 3.87	 1
13.281	 3.98	 1
13.591	 3.91	 1
13.659	 3.85	 1
13.706	 4.14	 1
13.850	 3.84	 1
