# Simulation 217
# RelativeTime(days) Magnitude Generation
Time Mag Gen
7.034	 3.83	 1
7.108	 4.17	 1
7.295	 4.01	 1
7.319	 3.89	 1
7.615	 3.84	 1
7.646	 4.62	 1
7.649	 4.17	 2
7.835	 3.84	 1
7.902	 4.70	 1
7.929	 4.15	 1
7.987	 3.83	 1
8.145	 3.98	 1
8.286	 4.77	 1
8.291	 4.94	 1
8.322	 4.11	 1
8.333	 4.81	 1
8.409	 4.15	 1
8.451	 4.07	 1
8.480	 4.01	 1
8.505	 3.98	 1
8.679	 3.83	 1
8.819	 4.42	 1
8.940	 3.93	 1
9.037	 3.89	 1
9.090	 4.21	 1
9.283	 4.61	 1
9.420	 4.62	 1
9.523	 4.12	 1
9.586	 3.85	 1
9.971	 4.33	 1
10.069	 3.93	 1
10.070	 4.34	 1
10.087	 4.11	 2
10.091	 4.53	 1
10.134	 3.85	 2
10.282	 4.06	 2
10.427	 5.33	 1
10.632	 4.02	 2
10.737	 4.55	 1
10.830	 3.89	 1
10.844	 4.77	 1
10.859	 3.89	 1
11.160	 3.97	 1
11.411	 4.14	 1
11.418	 4.45	 1
11.427	 3.85	 1
11.707	 8.21	 1
11.707	 4.63	 2
11.707	 4.37	 2
11.707	 3.98	 2
11.707	 4.13	 2
11.708	 4.28	 2
11.708	 3.86	 2
11.709	 4.21	 2
11.709	 4.61	 2
11.709	 4.77	 2
11.709	 4.44	 2
11.710	 4.24	 2
11.711	 4.07	 2
11.711	 4.77	 2
11.711	 4.11	 2
11.711	 4.23	 2
11.711	 4.48	 2
11.712	 3.93	 2
11.712	 3.87	 2
11.712	 3.86	 2
11.714	 3.97	 2
11.714	 4.33	 2
11.714	 4.23	 2
11.715	 3.97	 2
11.715	 5.51	 2
11.715	 4.44	 2
11.716	 4.06	 2
11.716	 4.01	 2
11.716	 5.72	 2
11.718	 4.15	 2
11.718	 4.01	 2
11.719	 4.60	 2
11.719	 4.06	 2
11.719	 4.27	 2
11.719	 4.24	 2
11.720	 4.02	 2
11.720	 3.97	 2
11.720	 4.05	 2
11.720	 5.19	 2
11.721	 4.30	 2
11.721	 3.85	 2
11.721	 3.86	 2
11.721	 4.28	 2
11.722	 3.91	 2
11.722	 3.98	 2
11.722	 4.26	 2
11.722	 5.64	 2
11.723	 4.02	 2
11.723	 4.77	 2
11.724	 3.87	 2
11.724	 4.05	 2
11.724	 4.48	 2
11.725	 3.99	 2
11.725	 4.16	 2
11.726	 4.78	 2
11.726	 3.92	 2
11.726	 3.90	 2
11.726	 3.94	 2
11.727	 3.93	 2
11.727	 3.86	 3
11.728	 3.96	 2
11.729	 4.47	 2
11.729	 4.03	 2
11.730	 4.34	 2
11.730	 3.87	 2
11.731	 4.10	 2
11.731	 4.16	 2
11.731	 3.85	 2
11.732	 4.36	 2
11.733	 4.09	 2
11.734	 4.28	 1
11.734	 3.97	 2
11.734	 3.98	 2
11.734	 4.45	 2
11.734	 4.48	 2
11.734	 3.99	 2
11.735	 4.05	 2
11.735	 4.04	 2
11.736	 4.13	 1
11.736	 4.27	 2
11.737	 5.75	 2
11.738	 3.99	 2
11.738	 4.20	 2
11.738	 4.50	 2
11.739	 4.22	 2
11.739	 4.16	 3
11.739	 4.08	 2
11.739	 4.31	 2
11.739	 3.96	 2
11.739	 5.32	 2
11.739	 4.19	 2
11.739	 4.44	 2
11.740	 4.35	 2
11.741	 4.55	 2
11.741	 4.97	 2
11.741	 3.90	 2
11.742	 4.12	 2
11.743	 4.09	 2
11.743	 4.01	 2
11.743	 3.96	 2
11.744	 4.73	 2
11.746	 3.98	 2
11.746	 4.15	 2
11.747	 4.46	 2
11.747	 4.24	 2
11.748	 3.94	 2
11.748	 4.12	 2
11.748	 3.85	 2
11.748	 4.47	 2
11.748	 4.03	 2
11.748	 4.14	 2
11.749	 4.43	 2
11.749	 4.53	 2
11.749	 3.99	 2
11.749	 4.21	 2
11.752	 4.04	 2
11.752	 4.25	 2
11.752	 3.98	 2
11.752	 4.79	 2
11.752	 4.56	 2
11.752	 4.29	 2
11.754	 3.85	 2
11.754	 6.89	 2
11.754	 4.17	 2
11.754	 4.07	 2
11.754	 4.11	 2
11.754	 4.04	 2
11.755	 4.24	 2
11.756	 3.85	 2
11.756	 4.18	 2
11.756	 6.09	 2
11.756	 3.87	 3
11.757	 3.94	 2
11.757	 4.34	 3
11.757	 3.86	 2
11.758	 4.47	 3
11.758	 4.15	 2
11.759	 4.11	 3
11.761	 3.92	 2
11.761	 4.29	 2
11.761	 3.88	 2
11.762	 4.23	 2
11.762	 3.85	 2
11.762	 4.07	 2
11.762	 3.93	 2
11.763	 4.29	 2
11.764	 4.19	 3
11.764	 4.26	 2
11.764	 3.93	 2
11.764	 3.87	 2
11.765	 3.86	 2
11.766	 4.33	 2
11.767	 4.05	 2
11.768	 3.83	 2
11.768	 5.56	 3
11.768	 4.29	 2
11.770	 3.91	 2
11.770	 4.18	 3
11.771	 4.18	 2
11.771	 3.88	 3
11.771	 4.95	 2
11.771	 5.28	 3
11.771	 5.27	 2
11.771	 4.70	 2
11.772	 3.89	 2
11.772	 4.00	 2
11.773	 3.87	 2
11.774	 3.98	 2
11.774	 3.85	 2
11.774	 4.38	 2
11.774	 3.90	 2
11.774	 3.87	 3
11.775	 4.11	 3
11.775	 3.98	 2
11.777	 3.99	 2
11.777	 3.96	 2
11.781	 4.01	 2
11.781	 3.99	 2
11.781	 4.14	 3
11.782	 4.56	 2
11.784	 3.96	 2
11.784	 4.13	 2
11.784	 5.02	 2
11.785	 3.87	 2
11.785	 3.90	 4
11.785	 4.87	 2
11.786	 5.54	 2
11.786	 4.07	 2
11.788	 4.33	 2
11.789	 4.49	 2
11.790	 4.56	 2
11.791	 5.12	 2
11.791	 5.18	 2
11.792	 4.09	 2
11.792	 3.95	 3
11.793	 4.17	 2
11.794	 4.21	 2
11.794	 3.92	 3
11.795	 4.32	 2
11.795	 4.04	 2
11.796	 6.47	 2
11.796	 4.69	 2
11.797	 4.26	 3
11.797	 4.05	 2
11.797	 3.87	 3
11.798	 4.86	 2
11.800	 3.94	 2
11.800	 4.49	 2
11.800	 3.89	 2
11.801	 4.71	 2
11.802	 3.85	 2
11.802	 4.74	 2
11.804	 4.33	 2
11.805	 4.53	 2
11.805	 4.18	 2
11.808	 3.89	 2
11.809	 4.12	 2
11.810	 4.00	 2
11.810	 3.89	 2
11.812	 4.51	 3
11.813	 3.98	 2
11.815	 3.90	 2
11.815	 3.83	 2
11.816	 4.36	 2
11.816	 4.33	 2
11.817	 4.74	 3
11.818	 3.89	 2
11.819	 3.93	 2
11.819	 4.18	 2
11.820	 3.85	 2
11.821	 4.15	 2
11.822	 3.93	 2
11.823	 3.98	 2
11.823	 4.09	 2
11.824	 3.98	 2
11.825	 4.08	 2
11.827	 4.10	 2
11.829	 4.93	 2
11.830	 4.30	 2
11.831	 4.10	 2
11.831	 3.89	 3
11.832	 4.26	 2
11.832	 4.18	 2
11.833	 4.42	 2
11.833	 5.26	 2
11.834	 6.28	 2
11.834	 3.96	 2
11.835	 3.85	 2
11.835	 3.96	 3
11.839	 3.90	 2
11.840	 3.89	 4
11.840	 4.21	 2
11.840	 4.48	 2
11.842	 4.14	 2
11.842	 4.29	 2
11.843	 4.32	 2
11.843	 4.03	 2
11.843	 4.05	 2
11.843	 3.86	 2
11.846	 4.12	 2
11.847	 3.99	 2
11.848	 3.94	 2
11.849	 3.94	 2
11.851	 3.97	 1
11.853	 4.35	 2
11.853	 4.70	 3
11.854	 4.66	 3
11.855	 4.05	 2
11.856	 5.20	 2
11.856	 3.93	 2
11.857	 4.50	 2
11.857	 3.93	 2
11.857	 3.89	 2
11.857	 3.94	 2
11.857	 4.34	 2
11.858	 4.74	 2
11.858	 3.83	 2
11.859	 4.06	 2
11.859	 3.99	 2
11.859	 4.50	 2
11.859	 3.84	 2
11.860	 5.09	 2
11.861	 4.93	 2
11.862	 3.93	 2
11.862	 4.07	 2
11.862	 4.77	 2
11.863	 3.93	 2
11.864	 4.29	 2
11.865	 3.83	 2
11.865	 3.98	 2
11.865	 3.98	 2
11.868	 4.20	 3
11.868	 4.52	 3
11.870	 4.77	 2
11.870	 4.97	 2
11.870	 4.10	 2
11.871	 4.61	 2
11.871	 3.95	 2
11.871	 4.95	 3
11.872	 4.08	 3
11.874	 3.91	 3
11.875	 4.47	 2
11.875	 3.89	 3
11.875	 4.16	 2
11.876	 5.79	 2
11.877	 4.16	 3
11.877	 4.90	 2
11.877	 4.14	 2
11.878	 3.97	 3
11.878	 4.55	 2
11.878	 4.20	 2
11.879	 4.04	 2
11.881	 4.00	 2
11.881	 4.45	 2
11.883	 5.07	 2
11.883	 4.35	 2
11.883	 4.16	 2
11.883	 4.02	 2
11.886	 4.18	 2
11.888	 4.21	 2
11.890	 3.97	 2
11.891	 5.05	 2
11.891	 4.07	 2
11.892	 4.03	 2
11.893	 4.67	 4
11.894	 4.74	 2
11.894	 4.17	 2
11.897	 3.89	 2
11.897	 4.39	 2
11.898	 4.46	 3
11.900	 4.08	 2
11.904	 3.98	 2
11.904	 4.13	 3
11.905	 3.92	 2
11.905	 4.31	 3
11.905	 4.18	 2
11.906	 4.49	 2
11.906	 5.67	 2
11.907	 3.82	 2
11.909	 4.36	 2
11.911	 3.84	 2
11.912	 4.53	 2
11.913	 4.09	 3
11.913	 3.88	 3
11.913	 4.20	 3
11.913	 3.90	 3
11.916	 4.10	 2
11.917	 3.94	 2
11.918	 4.64	 2
11.925	 4.14	 2
11.926	 4.02	 2
11.926	 4.01	 2
11.927	 3.88	 2
11.927	 4.08	 3
11.931	 4.19	 2
11.931	 4.35	 2
11.933	 3.99	 2
11.933	 4.16	 3
11.934	 4.09	 2
11.935	 4.32	 2
11.935	 3.97	 2
11.936	 4.26	 2
11.939	 4.27	 3
11.939	 4.05	 2
11.941	 3.88	 2
11.941	 4.35	 3
11.943	 4.25	 3
11.946	 3.92	 2
11.946	 4.99	 3
11.946	 4.33	 2
11.946	 5.31	 2
11.947	 4.32	 3
11.952	 4.09	 2
11.953	 4.28	 2
11.953	 3.90	 2
11.953	 4.17	 1
11.955	 3.89	 3
11.955	 4.52	 4
11.956	 4.81	 3
11.957	 4.00	 2
11.958	 4.15	 2
11.959	 3.96	 2
11.959	 4.19	 2
11.960	 4.25	 2
11.962	 4.22	 2
11.962	 4.35	 2
11.964	 4.45	 2
11.964	 4.20	 2
11.964	 3.87	 2
11.965	 4.34	 2
11.965	 4.09	 2
11.970	 4.03	 3
11.971	 3.89	 2
11.972	 4.57	 2
11.972	 4.07	 3
11.973	 4.68	 3
11.975	 3.85	 2
11.976	 4.02	 2
11.976	 4.35	 2
11.980	 3.83	 3
11.981	 3.97	 2
11.981	 4.10	 2
11.985	 4.24	 2
11.985	 3.88	 2
11.985	 4.64	 2
11.987	 3.92	 2
11.987	 3.90	 4
11.989	 4.43	 2
11.990	 4.25	 2
11.990	 4.25	 2
11.992	 4.27	 2
11.992	 3.96	 3
11.992	 3.90	 2
11.993	 3.93	 3
11.997	 4.08	 3
11.997	 4.19	 4
11.999	 4.43	 2
11.999	 4.21	 2
11.999	 3.97	 2
12.000	 3.97	 2
12.002	 4.03	 2
12.004	 4.19	 2
12.006	 4.10	 2
12.007	 4.05	 3
12.008	 4.20	 3
12.008	 4.98	 3
12.009	 4.02	 3
12.011	 4.09	 2
12.011	 4.15	 3
12.016	 4.02	 2
12.016	 4.20	 2
12.017	 5.46	 2
12.018	 4.90	 2
12.018	 5.57	 2
12.020	 4.70	 2
12.020	 4.17	 2
12.020	 3.90	 2
12.020	 3.91	 2
12.022	 4.04	 2
12.022	 4.59	 3
12.023	 4.05	 2
12.023	 3.99	 2
12.025	 4.37	 3
12.026	 3.84	 3
12.026	 4.18	 3
12.028	 4.12	 2
12.028	 4.45	 2
12.030	 4.11	 2
12.031	 4.23	 3
12.032	 3.96	 2
12.032	 3.95	 2
12.036	 5.12	 3
12.038	 4.75	 2
12.038	 3.90	 2
12.040	 4.21	 2
12.040	 4.38	 2
12.040	 4.73	 2
12.042	 6.02	 2
12.043	 4.48	 2
12.044	 4.62	 2
12.045	 4.60	 3
12.047	 5.35	 2
12.050	 4.11	 2
12.051	 4.01	 2
12.053	 6.02	 2
12.053	 4.35	 2
12.055	 4.86	 3
12.056	 3.84	 2
12.056	 4.10	 3
12.059	 4.22	 2
12.059	 4.00	 2
12.062	 4.44	 2
12.063	 4.55	 2
12.063	 4.53	 2
12.071	 4.23	 2
12.075	 4.34	 3
12.077	 4.10	 2
12.078	 4.20	 4
12.078	 5.12	 2
12.079	 4.10	 2
12.080	 5.22	 2
12.080	 5.35	 2
12.082	 4.08	 2
12.082	 4.54	 3
12.084	 4.22	 3
12.087	 4.00	 3
12.088	 4.16	 4
12.088	 3.87	 2
12.088	 5.28	 2
12.088	 3.93	 2
12.090	 5.00	 3
12.091	 5.51	 2
12.094	 4.11	 2
12.094	 3.83	 3
12.096	 4.54	 2
12.099	 3.94	 2
12.099	 3.89	 2
12.100	 4.13	 2
12.100	 4.64	 3
12.100	 4.12	 2
12.103	 3.94	 2
12.108	 4.58	 2
12.109	 3.94	 4
12.110	 3.99	 2
12.110	 4.59	 2
12.111	 4.50	 3
12.114	 4.08	 2
12.115	 4.01	 3
12.117	 4.27	 2
12.118	 5.34	 3
12.120	 4.13	 2
12.121	 4.63	 2
12.124	 4.22	 3
12.129	 3.96	 2
12.129	 4.04	 2
12.130	 4.18	 2
12.133	 3.85	 2
12.134	 4.81	 3
12.136	 3.87	 3
12.143	 4.31	 2
12.156	 4.24	 2
12.158	 4.11	 3
12.158	 3.99	 3
12.162	 4.08	 2
12.163	 4.03	 3
12.164	 3.95	 2
12.168	 3.92	 2
12.170	 4.23	 2
12.170	 4.12	 2
12.171	 3.85	 2
12.172	 3.82	 2
12.173	 4.19	 2
12.174	 4.47	 2
12.176	 4.27	 2
12.176	 3.89	 2
12.177	 4.00	 2
12.184	 3.93	 2
12.186	 3.94	 2
12.191	 4.24	 3
12.197	 4.21	 2
12.199	 3.87	 2
12.203	 3.93	 2
12.203	 4.25	 3
12.206	 3.87	 2
12.207	 3.84	 2
12.208	 4.11	 2
12.209	 4.23	 2
12.214	 3.83	 2
12.214	 4.00	 2
12.215	 4.27	 2
12.219	 5.20	 2
12.220	 5.33	 3
12.220	 3.98	 2
12.220	 4.96	 3
12.223	 5.27	 2
12.223	 4.35	 3
12.223	 3.93	 2
12.226	 4.17	 4
12.230	 4.04	 3
12.232	 4.37	 3
12.234	 3.85	 2
12.235	 4.43	 2
12.240	 4.36	 2
12.247	 4.16	 3
12.252	 4.10	 2
12.253	 3.90	 2
12.253	 5.33	 3
12.256	 3.96	 2
12.257	 4.04	 3
12.258	 5.01	 3
12.259	 4.54	 2
12.260	 3.91	 2
12.262	 4.35	 2
12.269	 4.19	 2
12.270	 4.51	 2
12.273	 4.23	 2
12.277	 3.94	 2
12.279	 4.07	 2
12.282	 4.07	 2
12.284	 3.89	 3
12.286	 4.15	 2
12.290	 4.07	 2
12.290	 4.00	 2
12.294	 3.92	 2
12.295	 3.88	 2
12.295	 4.84	 3
12.298	 3.84	 2
12.301	 4.15	 2
12.302	 4.39	 2
12.302	 3.98	 3
12.306	 3.94	 2
12.307	 6.11	 2
12.309	 4.45	 2
12.310	 4.60	 2
12.311	 4.06	 2
12.311	 4.22	 2
12.312	 4.30	 3
12.316	 4.10	 2
12.317	 3.82	 3
12.318	 3.85	 3
12.318	 4.35	 2
12.319	 5.17	 3
12.322	 4.16	 2
12.323	 4.24	 2
12.324	 3.85	 2
12.325	 4.36	 4
12.326	 4.23	 3
12.326	 3.85	 3
12.328	 3.92	 3
12.329	 4.13	 2
12.329	 4.32	 2
12.330	 4.05	 3
12.335	 4.14	 4
12.336	 4.31	 2
12.337	 3.93	 3
12.338	 4.49	 3
12.343	 4.11	 2
12.347	 4.42	 2
12.347	 3.92	 3
12.347	 3.87	 2
12.349	 4.11	 2
12.351	 4.43	 3
12.352	 4.16	 2
12.356	 5.57	 2
12.364	 4.69	 3
12.365	 4.15	 4
12.368	 4.70	 2
12.369	 3.86	 2
12.374	 4.31	 2
12.374	 4.48	 2
12.377	 3.91	 2
12.378	 3.95	 2
12.384	 3.88	 2
12.385	 4.00	 3
12.385	 4.35	 2
12.388	 4.59	 2
12.388	 3.83	 2
12.389	 4.26	 2
12.390	 3.99	 2
12.392	 3.95	 2
12.393	 4.96	 2
12.393	 5.26	 3
12.397	 4.18	 2
12.398	 4.29	 2
12.400	 4.45	 2
12.400	 3.88	 2
12.409	 3.92	 2
12.411	 4.25	 4
12.414	 5.28	 2
12.419	 5.44	 3
12.421	 3.86	 2
12.421	 4.07	 4
12.422	 5.09	 2
12.425	 4.75	 2
12.431	 3.83	 2
12.434	 4.31	 4
12.436	 4.32	 2
12.443	 4.07	 2
12.445	 3.99	 4
12.447	 4.30	 3
12.447	 4.07	 2
12.454	 3.94	 2
12.454	 3.98	 2
12.455	 3.95	 2
12.456	 3.90	 2
12.457	 3.91	 3
12.463	 3.95	 2
12.467	 3.83	 2
12.470	 4.34	 2
12.471	 3.95	 3
12.473	 3.97	 2
12.475	 4.04	 2
12.478	 3.95	 2
12.481	 4.21	 2
12.482	 4.58	 2
12.482	 4.12	 3
12.483	 4.01	 2
12.489	 3.99	 2
12.490	 3.93	 2
12.498	 4.14	 2
12.502	 3.83	 2
12.502	 4.74	 2
12.505	 4.05	 3
12.509	 4.21	 2
12.524	 4.11	 2
12.525	 4.26	 3
12.525	 4.12	 2
12.534	 4.21	 2
12.539	 4.36	 3
12.540	 4.31	 2
12.541	 3.98	 4
12.541	 4.24	 2
12.541	 4.43	 2
12.545	 3.83	 2
12.546	 4.60	 4
12.547	 3.98	 2
12.548	 3.98	 3
12.550	 3.85	 2
12.560	 4.31	 3
12.562	 4.44	 2
12.571	 3.83	 2
12.573	 3.86	 4
12.575	 4.76	 3
12.576	 3.87	 2
12.579	 3.94	 2
12.597	 4.40	 2
12.598	 4.25	 2
12.599	 3.92	 3
12.601	 3.84	 3
12.602	 4.06	 2
12.605	 3.82	 2
12.606	 3.83	 2
12.607	 3.88	 3
12.607	 4.05	 3
12.609	 3.85	 2
12.611	 5.23	 2
12.615	 3.88	 2
12.618	 5.34	 2
12.627	 4.37	 2
12.633	 4.06	 3
12.633	 3.93	 3
12.634	 3.91	 2
12.645	 3.86	 2
12.645	 4.00	 2
12.646	 4.13	 2
12.646	 4.30	 2
12.647	 4.41	 2
12.650	 4.10	 2
12.651	 4.29	 2
12.652	 3.92	 4
12.658	 4.25	 2
12.661	 4.33	 3
12.663	 4.15	 2
12.666	 4.45	 2
12.666	 4.84	 2
12.677	 4.73	 3
12.678	 4.50	 3
12.682	 4.29	 3
12.682	 4.96	 2
12.685	 4.38	 3
12.689	 4.02	 2
12.692	 3.87	 2
12.697	 3.96	 2
12.698	 4.29	 4
12.704	 3.94	 2
12.708	 3.91	 3
12.711	 4.24	 2
12.714	 3.92	 2
12.719	 4.50	 2
12.722	 4.21	 2
12.733	 4.14	 2
12.734	 4.96	 2
12.734	 4.52	 3
12.738	 3.94	 2
12.739	 4.05	 2
12.739	 4.47	 3
12.741	 4.14	 2
12.757	 3.99	 2
12.766	 4.89	 2
12.767	 5.66	 5
12.769	 4.72	 2
12.787	 4.31	 2
12.788	 4.26	 3
12.792	 5.11	 2
12.793	 4.04	 4
12.799	 4.62	 3
12.808	 4.12	 3
12.810	 4.35	 2
12.815	 3.90	 2
12.816	 4.25	 2
12.820	 5.47	 2
12.823	 5.41	 2
12.824	 4.03	 3
12.828	 4.50	 2
12.829	 3.91	 6
12.840	 4.26	 3
12.848	 4.19	 3
12.858	 5.44	 6
12.860	 4.23	 2
12.860	 3.94	 3
12.862	 4.09	 3
12.862	 3.93	 2
12.863	 4.18	 2
12.871	 4.60	 2
12.873	 4.61	 2
12.875	 4.31	 2
12.876	 4.15	 3
12.876	 3.96	 3
12.880	 4.68	 3
12.883	 3.98	 4
12.884	 5.05	 3
12.884	 4.18	 2
12.887	 4.07	 3
12.887	 4.31	 2
12.891	 4.64	 2
12.900	 4.09	 2
12.914	 3.94	 2
12.914	 4.44	 3
12.915	 4.28	 2
12.923	 4.08	 2
12.925	 3.87	 2
12.930	 3.91	 2
12.936	 4.50	 2
12.937	 4.10	 2
12.941	 3.85	 2
12.945	 3.98	 4
12.949	 4.21	 2
12.955	 3.88	 3
12.955	 3.92	 2
12.956	 3.98	 2
12.958	 4.21	 2
12.961	 3.89	 2
12.965	 4.77	 2
12.969	 3.88	 4
12.970	 4.22	 3
12.974	 4.69	 6
12.987	 4.36	 3
12.989	 4.00	 2
12.996	 3.95	 2
13.003	 6.36	 3
13.006	 4.47	 4
13.009	 3.95	 3
13.016	 3.88	 2
13.017	 4.51	 2
13.017	 3.96	 4
13.019	 3.85	 4
13.022	 3.85	 4
13.027	 3.89	 4
13.032	 3.87	 2
13.039	 4.33	 3
13.041	 4.66	 2
13.047	 3.85	 2
13.048	 4.39	 2
13.061	 4.29	 3
13.064	 4.24	 4
13.066	 4.29	 2
13.069	 4.16	 3
13.072	 4.12	 2
13.075	 4.33	 2
13.091	 4.61	 2
13.116	 4.20	 2
13.119	 3.99	 2
13.120	 4.04	 2
13.128	 6.95	 4
13.129	 3.97	 3
13.130	 5.55	 5
13.131	 4.01	 5
13.132	 3.87	 3
13.135	 4.47	 5
13.135	 4.56	 5
13.136	 4.29	 5
13.137	 4.66	 2
13.137	 4.87	 1
13.143	 4.52	 2
13.143	 4.60	 2
13.143	 3.86	 3
13.145	 4.18	 7
13.147	 4.97	 2
13.147	 3.92	 4
13.148	 5.10	 5
13.150	 3.91	 2
13.156	 4.12	 5
13.157	 4.07	 1
13.158	 4.61	 6
13.162	 4.38	 5
13.166	 3.92	 5
13.167	 3.86	 5
13.168	 3.96	 5
13.170	 4.59	 5
13.170	 4.25	 2
13.174	 3.83	 2
13.177	 4.74	 2
13.183	 4.29	 2
13.193	 4.82	 2
13.193	 4.29	 5
13.194	 4.51	 2
13.197	 4.09	 2
13.197	 4.47	 5
13.201	 3.82	 5
13.202	 4.66	 3
13.202	 3.89	 4
13.207	 4.07	 5
13.210	 4.26	 4
13.211	 3.98	 5
13.213	 4.00	 6
13.213	 4.20	 2
13.213	 4.51	 2
13.213	 4.78	 3
13.217	 4.27	 2
13.218	 4.04	 5
13.221	 5.71	 5
13.224	 3.85	 5
13.231	 4.49	 3
13.231	 4.09	 2
13.241	 4.08	 5
13.242	 4.22	 5
13.243	 4.34	 2
13.246	 4.26	 5
13.251	 4.02	 5
13.254	 4.80	 5
13.255	 3.84	 2
13.257	 4.06	 2
13.261	 4.47	 2
13.261	 3.84	 2
13.267	 3.86	 3
13.270	 3.95	 3
13.276	 3.94	 2
13.281	 4.54	 2
13.282	 4.14	 2
13.282	 3.90	 3
13.284	 3.94	 2
13.287	 4.04	 3
13.288	 3.83	 3
13.290	 5.27	 2
13.294	 4.49	 2
13.294	 4.48	 5
13.297	 4.77	 3
13.299	 4.42	 2
13.300	 3.82	 3
13.303	 3.83	 2
13.303	 3.84	 2
13.304	 4.26	 2
13.305	 4.21	 2
13.305	 4.00	 4
13.312	 4.07	 2
13.315	 4.41	 2
13.317	 5.85	 5
13.325	 4.53	 6
13.328	 5.05	 5
13.329	 4.01	 3
13.330	 4.69	 2
13.331	 3.83	 5
13.340	 3.92	 6
13.344	 4.06	 2
13.348	 3.95	 2
13.348	 3.89	 5
13.349	 4.04	 3
13.350	 4.09	 2
13.355	 4.07	 6
13.359	 4.47	 2
13.360	 4.74	 3
13.366	 4.14	 6
13.369	 3.86	 4
13.376	 4.27	 2
13.377	 5.32	 3
13.383	 4.08	 5
13.385	 4.16	 3
13.385	 5.60	 2
13.388	 4.08	 1
13.389	 4.07	 6
13.391	 3.91	 2
13.394	 5.00	 3
13.402	 4.24	 2
13.404	 3.94	 2
13.406	 4.53	 2
13.407	 4.58	 5
13.409	 4.17	 6
13.413	 3.95	 5
13.414	 4.55	 3
13.419	 4.99	 3
13.425	 4.23	 2
13.427	 4.29	 2
13.429	 4.34	 5
13.431	 4.12	 2
13.435	 4.42	 2
13.438	 3.99	 2
13.444	 3.83	 2
13.457	 5.09	 2
13.464	 4.11	 2
13.471	 3.86	 3
13.477	 4.10	 2
13.485	 3.90	 2
13.491	 4.06	 4
13.494	 3.85	 5
13.500	 4.62	 5
13.501	 4.55	 2
13.502	 3.83	 3
13.504	 3.89	 5
13.507	 3.86	 5
13.508	 3.94	 2
13.509	 3.99	 2
13.510	 4.06	 5
13.510	 4.24	 2
13.512	 3.89	 3
13.513	 3.95	 2
13.518	 4.41	 3
13.522	 4.78	 2
13.526	 5.08	 2
13.531	 4.92	 5
13.553	 3.85	 6
13.553	 4.10	 2
13.553	 3.95	 3
13.557	 4.35	 3
13.560	 4.02	 6
13.560	 3.85	 2
13.565	 4.39	 2
13.566	 3.94	 5
13.575	 4.16	 3
13.580	 3.97	 5
13.584	 3.95	 3
13.586	 4.09	 6
13.593	 4.16	 5
13.597	 3.87	 6
13.597	 3.83	 3
13.598	 4.36	 5
13.618	 3.87	 3
13.628	 4.67	 5
13.629	 3.93	 2
13.635	 4.15	 5
13.643	 4.08	 2
13.648	 3.88	 2
13.651	 4.39	 2
13.660	 4.64	 2
13.669	 3.91	 3
13.690	 4.10	 6
13.690	 6.06	 2
13.693	 3.85	 3
13.694	 3.94	 2
13.706	 4.74	 4
13.708	 3.96	 4
13.717	 4.25	 2
13.726	 3.83	 3
13.735	 3.96	 5
13.740	 4.78	 4
13.741	 4.76	 3
13.742	 4.42	 2
13.751	 4.09	 5
13.752	 4.24	 2
13.753	 4.10	 2
13.764	 3.87	 5
13.789	 4.55	 2
13.794	 4.61	 3
13.798	 3.84	 5
13.807	 5.07	 3
13.812	 4.27	 2
13.824	 4.83	 2
13.830	 4.13	 6
13.835	 5.42	 5
13.839	 4.16	 3
13.843	 3.91	 3
13.845	 4.68	 2
13.858	 3.83	 4
13.861	 4.16	 2
13.867	 3.84	 5
13.875	 4.67	 2
13.880	 5.27	 3
13.880	 4.03	 3
13.894	 3.83	 5
13.897	 4.10	 2
13.899	 3.90	 2
13.910	 3.95	 2
13.913	 3.86	 2
13.922	 4.44	 3
13.926	 4.37	 2
13.929	 3.92	 3
13.933	 4.34	 3
13.942	 4.19	 2
13.943	 4.04	 2
13.946	 4.66	 3
13.948	 4.85	 2
13.962	 3.96	 5
13.968	 3.93	 2
13.989	 4.18	 2
13.994	 3.83	 5
14.000	 4.10	 2
