# Simulation 182
# RelativeTime(days) Magnitude Generation
Time Mag Gen
7.084	 4.21	 1
7.089	 4.53	 1
7.237	 3.84	 1
7.391	 3.87	 1
7.656	 4.09	 1
7.676	 7.87	 1
7.676	 4.90	 2
7.677	 3.85	 2
7.678	 3.92	 2
7.679	 4.05	 2
7.679	 4.78	 2
7.679	 4.35	 2
7.679	 4.41	 2
7.680	 3.92	 2
7.680	 4.45	 2
7.681	 4.55	 2
7.682	 4.00	 2
7.682	 3.89	 2
7.682	 4.04	 2
7.686	 3.97	 2
7.687	 4.24	 2
7.688	 5.01	 2
7.689	 5.60	 2
7.692	 3.88	 2
7.694	 4.34	 2
7.694	 3.86	 2
7.694	 3.94	 3
7.696	 4.05	 2
7.697	 4.07	 2
7.697	 4.37	 2
7.698	 4.14	 2
7.699	 3.98	 2
7.699	 5.25	 2
7.699	 3.88	 2
7.699	 4.30	 2
7.700	 3.84	 2
7.700	 4.34	 2
7.701	 3.95	 2
7.702	 4.22	 2
7.702	 4.09	 2
7.702	 4.10	 2
7.705	 6.79	 2
7.706	 3.96	 2
7.707	 4.08	 2
7.709	 4.13	 2
7.710	 4.06	 2
7.710	 4.00	 2
7.710	 4.10	 2
7.710	 4.61	 2
7.710	 4.02	 3
7.711	 4.04	 2
7.713	 4.17	 3
7.713	 4.16	 2
7.716	 4.69	 2
7.716	 4.23	 3
7.716	 4.02	 2
7.716	 4.38	 2
7.718	 4.32	 2
7.718	 4.76	 3
7.722	 4.77	 3
7.724	 4.05	 2
7.725	 3.87	 2
7.726	 3.84	 2
7.726	 4.13	 2
7.728	 5.34	 2
7.731	 4.13	 2
7.733	 4.42	 2
7.733	 3.94	 2
7.734	 3.87	 2
7.735	 3.95	 2
7.735	 4.34	 2
7.735	 5.20	 2
7.736	 4.19	 2
7.737	 4.66	 2
7.738	 4.58	 3
7.738	 5.21	 2
7.739	 4.07	 2
7.739	 4.45	 2
7.739	 3.86	 2
7.739	 4.13	 3
7.740	 4.98	 2
7.740	 4.26	 2
7.740	 4.76	 2
7.742	 4.04	 2
7.742	 4.14	 2
7.743	 4.04	 2
7.743	 4.43	 2
7.744	 4.08	 2
7.744	 3.96	 2
7.744	 4.34	 2
7.745	 4.33	 2
7.745	 3.99	 2
7.748	 4.33	 2
7.752	 3.88	 2
7.754	 4.03	 2
7.755	 3.86	 2
7.758	 4.07	 2
7.758	 4.05	 2
7.758	 3.92	 2
7.761	 3.88	 2
7.762	 3.91	 2
7.763	 4.22	 2
7.763	 3.91	 2
7.763	 4.96	 2
7.763	 4.73	 2
7.764	 3.97	 1
7.767	 4.93	 2
7.769	 3.94	 2
7.769	 4.27	 2
7.771	 3.89	 2
7.772	 3.95	 2
7.773	 4.54	 2
7.773	 4.41	 2
7.774	 4.02	 2
7.775	 3.97	 2
7.775	 4.56	 2
7.779	 4.95	 2
7.780	 4.35	 2
7.782	 4.04	 3
7.782	 4.06	 3
7.785	 3.95	 2
7.788	 3.96	 2
7.792	 4.26	 2
7.796	 6.57	 3
7.797	 3.90	 4
7.797	 4.08	 1
7.800	 4.79	 2
7.805	 4.11	 2
7.807	 3.83	 3
7.808	 4.16	 2
7.812	 4.46	 2
7.815	 4.60	 2
7.818	 3.94	 2
7.819	 3.99	 2
7.821	 3.97	 4
7.823	 4.63	 2
7.824	 4.50	 2
7.825	 3.85	 2
7.825	 4.09	 3
7.825	 4.59	 2
7.827	 3.92	 2
7.830	 3.85	 2
7.832	 3.86	 2
7.833	 5.53	 3
7.833	 3.83	 2
7.834	 3.88	 2
7.834	 4.22	 2
7.835	 4.40	 3
7.835	 5.25	 2
7.840	 4.98	 4
7.840	 3.99	 3
7.841	 4.56	 3
7.842	 4.47	 2
7.842	 3.94	 3
7.847	 3.89	 3
7.849	 4.38	 2
7.850	 4.65	 2
7.850	 5.06	 2
7.859	 3.97	 2
7.860	 4.21	 3
7.861	 4.04	 2
7.862	 4.23	 2
7.864	 3.95	 2
7.864	 3.93	 2
7.865	 3.91	 2
7.867	 3.96	 2
7.868	 3.94	 2
7.872	 4.26	 2
7.874	 4.01	 3
7.881	 3.84	 2
7.881	 4.30	 2
7.882	 4.05	 2
7.887	 3.95	 3
7.888	 4.23	 4
7.890	 3.99	 2
7.891	 3.98	 3
7.892	 4.11	 2
7.895	 3.88	 2
7.899	 4.34	 2
7.901	 4.27	 2
7.902	 3.83	 2
7.902	 4.74	 2
7.910	 4.01	 2
7.912	 3.89	 2
7.913	 4.00	 2
7.913	 3.91	 2
7.913	 4.20	 2
7.919	 3.99	 2
7.921	 5.55	 2
7.923	 4.11	 2
7.923	 3.98	 4
7.924	 4.26	 4
7.925	 4.63	 2
7.925	 4.29	 2
7.926	 4.52	 2
7.927	 4.09	 2
7.927	 4.00	 2
7.929	 3.98	 2
7.931	 3.97	 4
7.934	 4.04	 2
7.934	 4.11	 2
7.940	 3.92	 2
7.947	 4.54	 2
7.949	 3.85	 3
7.950	 4.42	 2
7.950	 5.00	 2
7.951	 4.17	 2
7.952	 3.94	 2
7.952	 3.87	 2
7.953	 3.90	 3
7.957	 4.02	 3
7.957	 4.66	 2
7.958	 4.01	 2
7.962	 4.51	 2
7.964	 3.82	 2
7.966	 5.78	 3
7.966	 3.94	 2
7.967	 4.23	 3
7.969	 3.85	 3
7.978	 4.40	 2
7.978	 4.67	 2
7.982	 4.52	 2
7.984	 4.68	 4
7.986	 4.20	 2
7.988	 4.92	 2
7.992	 3.95	 2
7.995	 3.86	 2
7.996	 4.07	 2
7.997	 4.09	 3
7.998	 4.06	 3
8.003	 4.07	 2
8.004	 4.50	 2
8.005	 4.48	 2
8.005	 4.56	 1
8.008	 3.86	 2
8.012	 4.40	 2
8.015	 3.85	 2
8.019	 4.05	 2
8.023	 4.12	 2
8.023	 4.52	 2
8.024	 3.87	 4
8.025	 3.83	 3
8.028	 3.84	 2
8.034	 4.15	 2
8.039	 4.12	 2
8.043	 6.94	 2
8.045	 4.68	 3
8.046	 3.97	 3
8.047	 4.07	 2
8.048	 4.04	 3
8.048	 4.15	 3
8.048	 4.16	 2
8.049	 3.85	 2
8.050	 4.36	 4
8.050	 3.90	 3
8.051	 4.28	 3
8.052	 4.75	 2
8.052	 4.23	 2
8.054	 4.04	 2
8.059	 3.87	 2
8.061	 4.29	 3
8.063	 4.61	 4
8.065	 4.50	 3
8.065	 4.55	 4
8.071	 3.85	 2
8.079	 4.50	 3
8.080	 3.95	 3
8.084	 4.02	 2
8.086	 4.15	 3
8.088	 4.02	 2
8.091	 5.53	 2
8.093	 3.98	 2
8.093	 4.25	 2
8.099	 3.89	 2
8.100	 4.13	 2
8.102	 3.97	 2
8.102	 4.05	 3
8.105	 4.72	 2
8.105	 5.47	 2
8.106	 4.09	 2
8.106	 4.99	 3
8.107	 4.00	 2
8.109	 3.83	 3
8.110	 3.88	 3
8.113	 3.86	 3
8.114	 4.52	 2
8.114	 5.23	 2
8.117	 3.93	 2
8.120	 4.10	 3
8.124	 4.73	 3
8.125	 4.13	 3
8.130	 4.39	 3
8.135	 4.02	 2
8.136	 3.88	 2
8.140	 3.95	 2
8.142	 4.33	 3
8.144	 3.83	 2
8.144	 3.93	 4
8.147	 4.25	 3
8.147	 3.98	 2
8.147	 3.90	 3
8.149	 4.29	 4
8.155	 4.16	 2
8.158	 4.18	 3
8.166	 4.00	 2
8.169	 3.91	 2
8.173	 4.24	 3
8.176	 3.84	 2
8.178	 5.23	 3
8.180	 4.62	 4
8.182	 4.22	 2
8.182	 4.15	 3
8.183	 4.76	 2
8.183	 3.83	 2
8.186	 3.98	 2
8.186	 3.99	 3
8.187	 4.10	 2
8.189	 3.91	 2
8.200	 3.87	 2
8.202	 3.98	 2
8.205	 3.94	 2
8.209	 5.22	 3
8.210	 3.98	 3
8.211	 4.63	 2
8.212	 3.84	 3
8.213	 3.82	 2
8.217	 4.21	 2
8.223	 4.62	 2
8.225	 3.90	 2
8.231	 4.39	 3
8.231	 3.88	 2
8.233	 4.22	 3
8.234	 4.33	 2
8.240	 5.23	 2
8.242	 4.34	 3
8.242	 3.95	 1
8.242	 4.29	 2
8.247	 3.96	 3
8.250	 3.91	 2
8.261	 4.45	 2
8.265	 4.03	 2
8.268	 4.41	 1
8.271	 4.18	 3
8.271	 4.56	 2
8.271	 4.71	 3
8.274	 4.28	 3
8.283	 4.85	 2
8.292	 5.25	 4
8.293	 5.24	 2
8.299	 4.63	 5
8.300	 4.36	 2
8.305	 4.59	 2
8.315	 4.61	 1
8.315	 3.88	 2
8.329	 4.02	 3
8.335	 4.22	 3
8.349	 4.10	 2
8.351	 4.30	 4
8.353	 3.90	 3
8.363	 4.34	 2
8.365	 3.86	 2
8.365	 3.88	 3
8.367	 4.46	 2
8.374	 4.39	 2
8.375	 3.95	 3
8.377	 4.30	 4
8.384	 3.96	 3
8.388	 3.89	 3
8.390	 5.05	 3
8.394	 5.11	 2
8.404	 3.92	 2
8.404	 4.50	 2
8.416	 3.96	 2
8.418	 3.98	 3
8.419	 4.42	 3
8.420	 4.80	 2
8.422	 4.15	 2
8.422	 4.10	 2
8.426	 4.48	 3
8.435	 3.89	 1
8.436	 3.90	 3
8.444	 4.02	 2
8.444	 4.13	 2
8.445	 4.05	 3
8.449	 4.56	 4
8.450	 4.37	 2
8.456	 4.42	 2
8.467	 3.83	 3
8.476	 3.95	 2
8.477	 3.91	 2
8.479	 3.96	 2
8.486	 5.83	 2
8.488	 3.87	 3
8.490	 4.03	 2
8.490	 4.68	 2
8.491	 4.11	 3
8.493	 3.96	 2
8.496	 3.97	 2
8.501	 4.91	 3
8.507	 4.19	 2
8.512	 3.93	 2
8.512	 4.84	 3
8.520	 5.22	 2
8.522	 3.88	 4
8.525	 4.26	 3
8.526	 4.25	 2
8.530	 4.66	 3
8.532	 4.31	 2
8.538	 3.91	 2
8.548	 4.52	 2
8.548	 4.72	 2
8.551	 4.23	 2
8.554	 4.38	 2
8.560	 3.98	 2
8.572	 3.89	 2
8.576	 3.82	 2
8.581	 4.29	 2
8.584	 4.05	 1
8.595	 4.17	 3
8.599	 4.39	 2
8.606	 4.55	 2
8.610	 3.94	 2
8.623	 4.28	 4
8.636	 6.49	 4
8.641	 4.08	 2
8.642	 4.13	 5
8.646	 3.97	 2
8.647	 4.61	 2
8.648	 5.09	 3
8.649	 4.01	 4
8.650	 3.85	 2
8.652	 5.38	 5
8.654	 4.16	 5
8.655	 4.68	 2
8.659	 4.09	 1
8.659	 3.90	 4
8.661	 4.05	 2
8.667	 4.78	 2
8.683	 3.83	 2
8.683	 4.20	 5
8.687	 4.04	 2
8.689	 4.16	 2
8.689	 4.12	 5
8.694	 3.94	 3
8.705	 4.52	 5
8.707	 4.50	 5
8.714	 3.95	 3
8.715	 4.04	 5
8.720	 4.24	 2
8.721	 4.34	 3
8.728	 4.80	 2
8.733	 4.95	 2
8.740	 4.56	 3
8.747	 4.47	 3
8.749	 4.95	 2
8.766	 4.65	 2
8.768	 4.04	 4
8.768	 4.21	 2
8.768	 4.44	 5
8.770	 3.92	 2
8.776	 4.85	 2
8.777	 3.82	 2
8.779	 4.08	 3
8.785	 3.99	 2
8.787	 4.87	 2
8.796	 4.00	 1
8.807	 4.02	 5
8.812	 5.78	 2
8.813	 3.97	 3
8.827	 5.64	 2
8.829	 4.21	 2
8.837	 5.17	 2
8.842	 3.89	 2
8.856	 4.28	 5
8.857	 3.91	 6
8.857	 3.97	 3
8.860	 4.31	 3
8.862	 4.29	 5
8.882	 3.97	 5
8.886	 5.04	 2
8.889	 3.97	 2
8.892	 3.88	 3
8.898	 4.03	 2
8.905	 4.52	 3
8.907	 4.84	 2
8.908	 3.91	 5
8.930	 4.98	 4
8.936	 3.94	 2
8.943	 3.91	 3
8.947	 4.03	 1
8.955	 3.88	 3
8.964	 3.83	 4
8.968	 4.49	 5
8.980	 3.98	 2
8.989	 3.87	 2
8.996	 3.90	 3
8.998	 4.05	 2
9.002	 4.06	 2
9.006	 4.16	 4
9.006	 3.89	 2
9.017	 4.05	 2
9.028	 4.13	 2
9.043	 3.93	 3
9.043	 4.10	 6
9.046	 4.31	 3
9.049	 3.84	 5
9.049	 4.09	 2
9.063	 6.58	 2
9.065	 3.99	 3
9.065	 4.35	 4
9.068	 4.31	 2
9.069	 5.49	 2
9.076	 3.89	 3
9.077	 3.89	 3
9.084	 4.28	 5
9.093	 3.99	 2
9.103	 4.42	 2
9.108	 3.84	 3
9.116	 4.60	 3
9.116	 6.17	 2
9.128	 4.31	 3
9.128	 4.16	 3
9.132	 3.95	 3
9.138	 4.40	 3
9.144	 3.92	 3
9.146	 3.82	 2
9.149	 3.83	 2
9.154	 4.41	 3
9.165	 5.07	 3
9.171	 4.14	 5
9.174	 4.20	 2
9.178	 4.30	 3
9.179	 4.55	 3
9.181	 4.04	 2
9.184	 4.24	 5
9.193	 4.77	 3
9.208	 4.98	 2
9.213	 5.37	 2
9.221	 4.10	 3
9.228	 4.35	 2
9.233	 4.00	 2
9.235	 3.98	 5
9.236	 3.92	 3
9.241	 4.20	 2
9.243	 4.05	 3
9.248	 4.05	 3
9.248	 4.19	 5
9.265	 3.99	 2
9.270	 4.19	 3
9.273	 4.09	 4
9.282	 4.18	 1
9.283	 3.97	 2
9.288	 4.05	 1
9.292	 4.77	 3
9.297	 3.98	 3
9.298	 4.23	 3
9.310	 5.03	 3
9.314	 4.04	 3
9.317	 3.89	 2
9.317	 4.54	 2
9.320	 3.87	 3
9.324	 4.01	 3
9.328	 4.54	 3
9.339	 4.05	 2
9.340	 3.94	 2
9.347	 4.04	 3
9.355	 4.51	 5
9.360	 4.32	 3
9.365	 3.89	 3
9.369	 4.11	 3
9.377	 3.93	 2
9.390	 3.86	 3
9.396	 3.96	 2
9.396	 4.66	 3
9.397	 4.08	 2
9.415	 4.25	 2
9.420	 4.12	 2
9.420	 4.30	 2
9.427	 4.01	 3
9.429	 3.84	 2
9.432	 4.62	 1
9.434	 4.27	 2
9.438	 3.92	 2
9.439	 4.04	 2
9.444	 4.00	 5
9.451	 4.34	 3
9.460	 5.06	 2
9.462	 4.48	 3
9.476	 4.04	 3
9.484	 4.03	 2
9.495	 4.35	 3
9.509	 4.24	 2
9.513	 4.68	 3
9.522	 4.06	 3
9.531	 4.33	 2
9.533	 3.85	 3
9.538	 4.53	 4
9.541	 4.05	 3
9.544	 5.03	 2
9.546	 4.57	 2
9.547	 3.88	 2
9.549	 3.87	 2
9.555	 4.48	 3
9.562	 4.18	 2
9.573	 3.84	 3
9.580	 4.83	 3
9.582	 3.83	 3
9.585	 4.29	 3
9.593	 3.85	 2
9.600	 4.17	 2
9.611	 5.23	 3
9.625	 4.23	 3
9.645	 4.24	 2
9.646	 4.24	 2
9.648	 4.11	 2
9.662	 4.29	 3
9.664	 4.35	 2
9.670	 4.43	 2
9.689	 4.29	 2
9.690	 4.15	 3
9.694	 4.25	 4
9.695	 5.70	 3
9.698	 5.59	 2
9.701	 4.24	 5
9.706	 3.87	 2
9.711	 3.83	 2
9.712	 4.71	 3
9.723	 5.11	 3
9.723	 4.47	 3
9.723	 4.23	 3
9.727	 4.17	 2
9.749	 3.85	 2
9.768	 4.48	 2
9.786	 4.00	 3
9.790	 3.96	 1
9.791	 4.02	 3
9.796	 4.39	 3
9.804	 4.12	 2
9.815	 4.16	 3
9.816	 4.64	 3
9.827	 3.90	 2
9.837	 4.08	 3
9.847	 4.38	 2
9.850	 4.48	 1
9.850	 5.85	 3
9.856	 3.88	 3
9.857	 3.92	 1
9.862	 4.20	 4
9.865	 4.22	 4
9.867	 5.22	 2
9.870	 4.16	 4
9.888	 4.01	 2
9.897	 4.21	 2
9.909	 3.94	 3
9.921	 4.68	 3
9.982	 4.24	 2
9.998	 3.84	 5
9.999	 4.43	 4
10.043	 4.27	 1
10.049	 4.07	 4
10.066	 3.97	 2
10.082	 3.95	 2
10.113	 4.74	 3
10.121	 4.40	 1
10.125	 4.26	 2
10.142	 4.04	 2
10.142	 3.91	 3
10.171	 4.95	 3
10.177	 3.85	 3
10.179	 4.31	 2
10.180	 5.42	 3
10.192	 4.02	 4
10.202	 4.13	 3
10.204	 4.17	 3
10.213	 4.29	 5
10.222	 3.88	 2
10.233	 4.23	 1
10.255	 4.03	 3
10.256	 4.67	 2
10.258	 4.45	 3
10.264	 4.05	 3
10.266	 5.32	 3
10.284	 3.85	 2
10.287	 4.10	 2
10.314	 4.77	 3
10.333	 3.92	 2
10.336	 4.23	 2
10.351	 4.14	 3
10.358	 4.41	 3
10.369	 3.92	 4
10.384	 4.10	 6
10.386	 3.84	 3
10.399	 3.83	 2
10.418	 3.85	 2
10.431	 3.82	 3
10.433	 4.33	 1
10.445	 4.40	 3
10.460	 4.07	 2
10.468	 3.94	 2
10.471	 4.79	 4
10.484	 4.27	 4
10.489	 5.22	 4
10.559	 4.02	 4
10.574	 4.33	 2
10.582	 3.95	 3
10.598	 4.51	 2
10.608	 4.25	 2
10.610	 4.22	 2
10.619	 4.12	 1
10.643	 3.83	 1
10.652	 3.85	 2
10.674	 3.91	 4
10.676	 4.19	 2
10.685	 4.71	 2
10.701	 4.44	 2
10.706	 4.19	 3
10.721	 4.45	 2
10.737	 3.85	 2
10.745	 3.98	 5
10.748	 4.12	 2
10.757	 3.97	 2
10.767	 3.84	 3
10.882	 3.97	 3
10.904	 3.85	 3
10.916	 4.30	 2
10.918	 4.25	 3
10.920	 4.10	 3
10.929	 4.15	 3
10.932	 4.83	 2
10.934	 3.87	 3
10.938	 4.79	 3
10.938	 4.14	 2
10.939	 4.23	 5
10.972	 4.20	 2
10.985	 4.08	 4
10.987	 4.46	 2
10.997	 4.10	 3
11.003	 3.83	 4
11.008	 4.19	 1
11.039	 4.35	 3
11.040	 3.86	 4
11.061	 4.22	 2
11.071	 3.89	 3
11.112	 3.94	 6
11.136	 3.99	 3
11.143	 4.29	 2
11.156	 3.87	 3
11.163	 4.13	 1
11.169	 4.07	 2
11.175	 5.35	 2
11.194	 3.83	 3
11.202	 4.79	 3
11.246	 3.89	 2
11.254	 4.04	 2
11.276	 4.80	 2
11.278	 5.14	 3
11.285	 4.15	 4
11.333	 4.36	 4
11.336	 4.23	 2
11.363	 4.40	 5
11.364	 3.93	 5
11.364	 4.62	 3
11.384	 4.13	 2
11.400	 3.95	 2
11.420	 4.04	 3
11.424	 3.99	 5
11.425	 3.93	 5
11.426	 4.75	 4
11.435	 4.91	 3
11.451	 3.93	 3
11.491	 4.28	 3
11.504	 4.42	 4
11.515	 4.24	 6
11.515	 4.92	 2
11.529	 4.44	 3
11.535	 5.16	 1
11.598	 4.75	 3
11.627	 4.79	 3
11.663	 4.02	 3
11.692	 3.99	 1
11.704	 3.94	 2
11.730	 4.50	 3
11.749	 3.93	 2
11.755	 4.02	 2
11.777	 4.24	 3
11.811	 3.95	 3
11.824	 4.08	 2
11.829	 4.32	 1
11.854	 4.83	 1
11.866	 3.99	 3
11.889	 4.06	 2
11.908	 4.15	 2
11.919	 3.84	 2
11.945	 3.93	 3
11.956	 4.46	 3
11.976	 4.80	 3
11.990	 3.94	 2
11.996	 4.54	 2
12.040	 4.69	 3
12.048	 4.90	 4
12.093	 4.10	 3
12.101	 3.92	 2
12.107	 4.03	 2
12.129	 4.15	 4
12.142	 4.13	 3
12.151	 4.27	 4
12.166	 3.85	 2
12.183	 4.36	 3
12.196	 4.54	 1
12.202	 4.53	 2
12.240	 4.42	 3
12.253	 4.05	 4
12.259	 4.04	 2
12.259	 3.95	 3
12.264	 4.01	 2
12.266	 3.82	 5
12.310	 3.95	 2
12.324	 3.91	 3
12.335	 3.92	 1
12.351	 3.90	 2
12.406	 4.42	 2
12.446	 3.99	 1
12.451	 4.37	 3
12.455	 4.48	 2
12.456	 3.95	 2
12.468	 3.90	 4
12.497	 4.25	 3
12.541	 3.86	 2
12.542	 3.94	 2
12.616	 5.15	 2
12.623	 4.43	 3
12.625	 4.45	 3
12.651	 4.21	 2
12.656	 4.21	 1
12.659	 4.06	 3
12.701	 4.65	 2
12.755	 3.85	 3
12.790	 3.98	 2
12.797	 5.03	 4
12.823	 4.09	 3
12.825	 4.06	 2
12.832	 4.32	 3
12.860	 4.30	 3
12.886	 4.36	 3
12.936	 6.76	 2
12.942	 4.12	 3
12.948	 3.86	 3
12.949	 5.31	 4
12.970	 4.08	 3
12.972	 4.18	 3
12.978	 3.91	 4
12.978	 4.89	 5
12.982	 3.83	 3
12.985	 4.00	 3
12.991	 4.80	 3
13.001	 4.52	 3
13.003	 3.95	 3
13.007	 4.08	 3
13.021	 4.01	 3
13.024	 3.95	 7
13.038	 4.19	 2
13.066	 4.14	 3
13.095	 4.11	 1
13.117	 4.15	 2
13.143	 4.14	 2
13.153	 4.43	 3
13.175	 3.97	 3
13.176	 4.23	 3
13.176	 4.00	 5
13.177	 4.31	 2
13.186	 4.39	 4
13.187	 4.14	 3
13.202	 4.10	 3
13.205	 6.52	 3
13.208	 4.61	 3
13.211	 3.93	 4
13.211	 4.55	 3
13.217	 3.86	 4
13.218	 4.85	 4
13.219	 3.93	 4
13.225	 5.94	 4
13.226	 4.56	 4
13.228	 3.97	 4
13.234	 3.89	 2
13.235	 4.54	 4
13.235	 4.25	 4
13.250	 4.34	 4
13.255	 4.16	 5
13.277	 4.25	 1
13.288	 3.85	 4
13.304	 4.24	 2
13.307	 3.86	 3
13.345	 4.13	 5
13.353	 4.96	 3
13.353	 4.25	 4
13.356	 3.83	 2
13.366	 3.90	 5
13.373	 4.38	 1
13.377	 3.82	 5
13.398	 4.17	 2
13.406	 4.31	 5
13.412	 3.88	 4
13.427	 4.19	 3
13.441	 3.89	 3
13.454	 4.09	 3
13.527	 3.89	 2
13.538	 4.11	 3
13.539	 3.83	 2
13.551	 4.11	 4
13.574	 4.49	 4
13.595	 3.95	 4
13.614	 4.10	 3
13.635	 3.83	 3
13.663	 4.16	 5
13.710	 3.90	 3
13.714	 4.13	 3
13.721	 3.97	 4
13.726	 5.56	 5
13.727	 4.03	 4
13.740	 3.84	 4
13.791	 3.86	 6
13.801	 3.96	 6
13.812	 4.46	 2
13.837	 3.82	 1
13.838	 3.90	 5
13.845	 4.13	 4
13.850	 3.88	 3
13.861	 3.84	 2
13.873	 3.86	 3
13.900	 4.91	 4
13.900	 3.86	 3
13.908	 4.74	 6
13.918	 3.87	 3
13.949	 4.03	 2
13.956	 4.68	 2
13.966	 3.93	 4
13.974	 4.01	 4
13.979	 3.89	 2
