# Simulation 235
# RelativeTime(days) Magnitude Generation
Time Mag Gen
7.086	 4.21	 1
7.180	 3.98	 1
7.221	 4.11	 1
7.275	 4.15	 1
7.453	 4.65	 1
7.768	 4.58	 1
7.783	 4.32	 1
7.804	 4.51	 1
7.827	 4.45	 1
8.413	 4.63	 1
8.415	 3.86	 1
8.681	 3.91	 1
8.748	 3.92	 1
8.772	 3.99	 1
8.949	 4.51	 1
9.090	 4.01	 2
9.102	 4.22	 2
9.142	 4.31	 1
9.429	 4.13	 1
9.463	 4.92	 1
9.851	 3.92	 1
10.010	 3.88	 1
10.426	 3.89	 1
10.684	 4.23	 1
10.877	 4.04	 1
10.965	 3.93	 1
10.975	 4.31	 1
10.990	 4.54	 2
11.254	 4.29	 1
11.484	 3.99	 1
11.863	 4.31	 1
11.910	 4.17	 2
12.196	 5.47	 1
12.248	 3.91	 1
12.305	 4.00	 1
12.673	 4.17	 1
13.134	 3.97	 1
13.356	 3.92	 1
13.455	 4.44	 1
13.560	 4.97	 1
13.641	 3.83	 1
