# Simulation 111
# RelativeTime(days) Magnitude Generation
Time Mag Gen
7.011	 4.44	 1
7.184	 4.03	 1
7.251	 4.42	 1
7.261	 4.04	 1
7.281	 5.05	 1
7.375	 3.93	 1
7.467	 3.99	 1
7.474	 3.88	 1
7.610	 4.30	 1
7.627	 4.16	 1
7.951	 4.52	 1
7.984	 3.83	 1
8.071	 6.14	 1
8.148	 4.11	 2
8.169	 4.84	 2
8.205	 4.35	 3
8.210	 4.15	 1
8.281	 4.12	 1
8.286	 3.86	 2
8.389	 4.00	 1
8.841	 3.86	 1
8.843	 4.52	 1
9.120	 4.36	 1
9.196	 3.92	 1
9.207	 3.85	 1
9.388	 4.67	 1
9.399	 4.39	 1
9.575	 5.26	 1
9.625	 4.34	 1
9.642	 4.75	 1
9.719	 4.07	 2
9.729	 4.08	 1
9.879	 3.89	 1
9.960	 3.86	 1
10.095	 4.49	 1
10.103	 3.84	 1
10.176	 4.26	 1
10.222	 3.91	 1
10.235	 5.99	 1
10.283	 4.14	 2
10.428	 4.14	 1
10.439	 4.37	 2
10.441	 5.91	 2
10.516	 3.91	 1
10.536	 4.62	 1
10.624	 3.96	 1
10.637	 4.75	 2
10.679	 3.96	 1
10.807	 4.03	 3
10.826	 4.03	 1
10.861	 4.11	 1
11.015	 3.82	 2
11.025	 3.85	 1
11.475	 3.93	 1
11.508	 4.22	 1
11.736	 3.83	 1
11.993	 4.59	 1
12.092	 3.96	 1
12.111	 5.02	 2
12.135	 4.30	 3
12.335	 4.40	 3
12.592	 4.33	 1
12.629	 4.04	 2
12.639	 4.00	 1
12.911	 3.85	 2
13.004	 3.92	 2
13.187	 4.01	 1
13.258	 4.41	 1
13.323	 4.65	 1
13.366	 4.49	 1
13.800	 3.87	 1
