# Simulation 549
# RelativeTime(days) Magnitude Generation
Time Mag Gen
7.040	 4.12	 1
7.333	 3.82	 1
7.384	 4.16	 1
7.558	 3.99	 1
7.917	 3.85	 1
7.987	 4.67	 1
8.286	 3.99	 1
8.292	 4.23	 1
8.329	 4.36	 1
8.522	 3.88	 1
8.657	 3.88	 1
8.709	 3.87	 1
8.740	 3.90	 1
8.756	 4.37	 1
8.916	 3.84	 2
9.147	 3.97	 1
9.227	 5.02	 1
9.247	 3.84	 1
9.523	 4.69	 1
9.529	 5.00	 2
9.767	 5.23	 1
9.935	 4.34	 1
9.958	 4.28	 2
9.972	 4.44	 1
10.000	 4.07	 1
10.084	 4.45	 2
10.147	 3.83	 2
10.151	 4.78	 3
10.426	 5.16	 1
10.656	 5.20	 1
10.673	 4.00	 1
10.674	 4.01	 2
10.768	 4.06	 1
10.922	 5.40	 2
10.978	 3.86	 1
11.091	 4.19	 3
11.106	 5.66	 1
11.161	 4.02	 2
11.166	 3.95	 2
11.443	 4.41	 1
11.512	 3.82	 3
11.559	 5.12	 2
11.660	 4.34	 1
12.022	 4.64	 2
12.132	 3.87	 1
12.311	 4.13	 1
12.638	 4.08	 4
12.720	 5.16	 2
12.784	 4.84	 2
13.173	 3.88	 1
13.189	 4.60	 3
13.193	 4.33	 4
13.454	 3.96	 1
13.644	 3.83	 1
13.766	 5.27	 1
13.953	 3.85	 1
13.959	 3.84	 4
