# Simulation 163
# RelativeTime(days) Magnitude Generation
Time Mag Gen
7.005	 4.53	 1
7.036	 4.11	 1
7.331	 4.14	 1
7.457	 3.85	 1
7.486	 3.83	 1
7.563	 4.16	 1
7.847	 3.96	 1
8.127	 4.47	 1
8.210	 3.88	 1
8.292	 5.03	 1
8.473	 4.36	 1
8.531	 5.38	 1
8.558	 3.85	 1
8.656	 5.22	 1
9.292	 3.90	 1
9.550	 4.00	 1
9.922	 4.03	 2
10.062	 4.12	 1
10.280	 4.23	 1
10.299	 3.94	 1
10.318	 4.14	 1
10.569	 3.83	 1
10.624	 4.06	 1
10.713	 4.00	 1
10.790	 4.32	 1
10.944	 4.13	 1
11.185	 4.01	 2
11.194	 3.86	 3
11.240	 3.86	 1
11.612	 3.87	 1
11.781	 4.38	 1
11.796	 4.21	 1
11.925	 4.20	 1
12.523	 4.59	 1
12.662	 4.21	 1
12.740	 3.92	 1
12.939	 4.39	 1
12.970	 4.11	 1
13.189	 3.89	 1
13.407	 3.88	 1
13.723	 4.27	 1
13.912	 4.34	 1
