# Simulation 508
# RelativeTime(days) Magnitude Generation
Time Mag Gen
7.008	 4.21	 1
7.114	 3.95	 1
7.134	 5.67	 1
7.143	 4.67	 1
7.387	 4.02	 1
7.453	 4.03	 1
7.591	 4.16	 1
7.787	 5.58	 1
7.907	 4.29	 1
7.907	 4.25	 1
8.111	 5.78	 1
8.143	 3.91	 1
8.223	 3.89	 2
8.269	 4.28	 2
8.436	 4.06	 1
8.441	 3.89	 2
8.470	 4.06	 2
8.489	 3.94	 1
8.491	 4.44	 1
8.511	 4.76	 1
8.744	 4.30	 2
9.020	 4.44	 1
9.147	 4.19	 1
9.250	 4.78	 1
9.442	 4.41	 1
9.543	 3.98	 3
9.695	 4.34	 1
9.724	 4.32	 1
9.789	 4.22	 1
9.919	 3.98	 1
9.994	 3.97	 1
10.138	 4.59	 1
10.169	 4.01	 1
10.195	 4.11	 1
10.382	 4.20	 1
10.860	 3.86	 1
11.165	 4.08	 1
11.249	 3.88	 1
11.430	 3.96	 1
11.686	 4.07	 1
11.996	 4.00	 1
12.176	 4.96	 2
12.222	 3.96	 1
12.332	 4.43	 1
12.552	 5.15	 1
12.715	 3.97	 2
12.845	 4.23	 1
13.184	 4.49	 2
13.188	 3.92	 1
13.280	 4.03	 1
13.588	 4.10	 1
13.673	 3.86	 1
13.764	 4.33	 1
13.922	 3.86	 1
