# Simulation 395
# RelativeTime(days) Magnitude Generation
Time Mag Gen
7.093	 3.93	 1
7.095	 4.19	 1
7.096	 4.36	 1
7.355	 4.19	 1
7.620	 4.23	 1
7.714	 3.90	 1
7.863	 4.38	 1
7.990	 3.89	 1
8.096	 4.04	 1
8.271	 7.38	 1
8.273	 3.97	 1
8.278	 3.96	 2
8.280	 3.93	 1
8.281	 4.29	 2
8.281	 3.98	 2
8.284	 4.32	 2
8.285	 4.40	 2
8.286	 4.56	 2
8.286	 4.14	 2
8.288	 3.91	 2
8.288	 4.94	 2
8.294	 4.93	 2
8.295	 4.16	 2
8.295	 3.86	 2
8.298	 4.01	 2
8.299	 4.36	 2
8.314	 3.95	 2
8.315	 5.20	 2
8.323	 4.32	 2
8.323	 3.95	 2
8.327	 3.95	 2
8.332	 3.90	 3
8.336	 4.35	 2
8.338	 4.01	 2
8.340	 4.82	 2
8.343	 4.91	 2
8.345	 4.00	 2
8.348	 3.94	 2
8.351	 4.06	 2
8.360	 4.07	 2
8.362	 3.85	 2
8.366	 4.06	 2
8.370	 4.09	 2
8.373	 4.61	 2
8.375	 3.86	 2
8.377	 3.87	 2
8.382	 6.07	 2
8.386	 3.98	 2
8.398	 3.86	 2
8.399	 4.57	 2
8.404	 3.88	 2
8.408	 4.36	 2
8.416	 4.03	 2
8.420	 4.55	 3
8.424	 5.34	 2
8.429	 3.99	 3
8.435	 4.90	 2
8.442	 4.54	 2
8.448	 5.10	 2
8.449	 4.41	 2
8.450	 3.88	 2
8.458	 3.89	 2
8.479	 4.05	 2
8.492	 3.92	 2
8.498	 3.96	 3
8.499	 3.90	 2
8.506	 4.33	 2
8.510	 3.90	 3
8.511	 3.86	 2
8.517	 3.85	 1
8.542	 4.17	 1
8.545	 3.85	 2
8.545	 4.06	 2
8.560	 4.57	 2
8.562	 3.97	 2
8.563	 4.70	 2
8.566	 4.07	 2
8.575	 4.30	 2
8.579	 4.09	 1
8.581	 4.02	 2
8.588	 3.84	 3
8.594	 5.35	 2
8.599	 4.03	 2
8.606	 5.19	 2
8.613	 3.87	 2
8.620	 3.91	 2
8.640	 4.10	 2
8.655	 3.85	 3
8.664	 3.87	 2
8.680	 8.71	 2
8.680	 3.91	 3
8.681	 3.91	 3
8.681	 4.37	 3
8.682	 3.85	 3
8.682	 3.85	 3
8.683	 4.15	 3
8.685	 4.13	 3
8.685	 4.41	 3
8.685	 5.16	 2
8.686	 4.14	 3
8.687	 4.19	 3
8.688	 4.84	 3
8.689	 5.28	 3
8.689	 4.38	 3
8.690	 3.88	 3
8.691	 4.65	 3
8.691	 4.58	 3
8.691	 3.95	 3
8.691	 3.88	 2
8.691	 4.01	 3
8.692	 3.82	 3
8.692	 4.60	 3
8.692	 4.15	 3
8.693	 3.83	 3
8.693	 4.37	 3
8.693	 4.09	 3
8.693	 3.91	 3
8.693	 4.08	 3
8.695	 3.90	 3
8.696	 4.31	 3
8.696	 3.89	 3
8.697	 5.88	 3
8.698	 3.90	 2
8.698	 4.63	 3
8.698	 4.09	 3
8.699	 4.37	 3
8.699	 4.41	 3
8.700	 5.07	 3
8.701	 3.95	 3
8.702	 4.06	 3
8.702	 3.88	 3
8.702	 4.01	 3
8.703	 4.09	 3
8.703	 4.37	 3
8.703	 3.93	 3
8.703	 4.67	 2
8.703	 5.19	 3
8.703	 4.69	 3
8.704	 4.33	 3
8.704	 3.94	 3
8.706	 4.03	 3
8.708	 4.78	 3
8.708	 6.20	 3
8.708	 4.39	 3
8.709	 3.94	 3
8.709	 3.93	 2
8.709	 3.90	 3
8.710	 4.24	 3
8.710	 3.88	 4
8.710	 4.19	 3
8.711	 4.23	 3
8.711	 4.07	 3
8.711	 4.11	 3
8.711	 3.84	 3
8.712	 4.08	 3
8.713	 5.28	 3
8.714	 3.97	 3
8.715	 3.88	 2
8.716	 4.87	 3
8.716	 4.13	 3
8.717	 3.83	 2
8.719	 3.93	 3
8.719	 5.22	 3
8.719	 5.20	 3
8.720	 4.40	 3
8.720	 3.87	 3
8.721	 4.19	 3
8.722	 5.02	 3
8.723	 4.06	 3
8.723	 5.07	 3
8.724	 4.28	 3
8.724	 4.29	 3
8.724	 3.92	 3
8.724	 3.91	 3
8.724	 3.93	 3
8.725	 3.90	 4
8.725	 4.11	 4
8.726	 5.33	 3
8.726	 3.89	 3
8.727	 5.06	 3
8.728	 4.02	 3
8.730	 4.87	 3
8.730	 4.05	 4
8.731	 3.93	 3
8.731	 4.22	 3
8.732	 5.33	 3
8.733	 3.85	 3
8.733	 4.94	 3
8.734	 4.20	 3
8.735	 4.42	 3
8.735	 4.04	 3
8.738	 4.07	 3
8.738	 3.90	 3
8.739	 4.73	 3
8.739	 4.57	 3
8.739	 4.58	 3
8.739	 4.94	 3
8.740	 4.51	 3
8.741	 4.33	 3
8.741	 3.87	 4
8.742	 4.20	 3
8.743	 3.83	 2
8.743	 3.92	 3
8.744	 3.87	 3
8.745	 3.97	 2
8.746	 3.82	 3
8.746	 4.28	 4
8.747	 3.97	 3
8.747	 4.93	 3
8.748	 4.27	 3
8.749	 4.56	 3
8.750	 4.11	 3
8.751	 4.19	 3
8.752	 4.07	 4
8.752	 4.49	 3
8.753	 4.23	 3
8.753	 4.00	 3
8.754	 4.06	 3
8.754	 3.82	 3
8.754	 4.38	 3
8.755	 3.95	 3
8.755	 3.86	 3
8.756	 4.16	 3
8.757	 4.03	 3
8.757	 4.14	 3
8.758	 4.11	 3
8.758	 4.97	 3
8.758	 4.49	 3
8.760	 4.38	 3
8.760	 3.85	 2
8.762	 4.08	 3
8.764	 3.90	 4
8.765	 4.09	 3
8.766	 4.58	 3
8.766	 3.83	 3
8.767	 4.86	 3
8.768	 4.06	 4
8.769	 4.20	 3
8.769	 4.29	 3
8.769	 3.87	 3
8.770	 4.25	 3
8.771	 3.92	 3
8.771	 3.84	 3
8.772	 3.83	 3
8.777	 5.03	 2
8.778	 4.32	 3
8.778	 3.88	 3
8.779	 3.94	 3
8.779	 3.83	 3
8.780	 4.64	 3
8.780	 4.98	 2
8.780	 4.14	 3
8.781	 5.31	 3
8.781	 4.13	 3
8.782	 3.89	 3
8.783	 3.84	 2
8.784	 4.17	 3
8.784	 4.51	 2
8.785	 4.07	 3
8.786	 4.04	 3
8.787	 3.82	 3
8.788	 4.71	 3
8.788	 4.30	 3
8.789	 4.48	 3
8.789	 3.99	 3
8.790	 4.23	 4
8.791	 3.87	 3
8.791	 4.29	 3
8.791	 5.01	 4
8.791	 4.23	 3
8.791	 3.94	 3
8.794	 3.98	 3
8.795	 4.22	 3
8.798	 4.22	 4
8.798	 3.99	 3
8.799	 4.55	 4
8.799	 3.83	 3
8.799	 4.44	 3
8.800	 4.29	 3
8.801	 4.34	 3
8.802	 4.30	 3
8.803	 4.18	 3
8.803	 4.16	 3
8.805	 4.33	 3
8.805	 4.28	 3
8.805	 3.99	 3
8.805	 4.37	 3
8.806	 3.89	 3
8.807	 3.83	 3
8.807	 4.45	 4
8.807	 4.92	 4
8.809	 4.12	 3
8.810	 4.57	 3
8.811	 3.93	 3
8.811	 3.88	 3
8.815	 3.87	 3
8.816	 5.55	 3
8.816	 4.55	 4
8.816	 3.97	 3
8.816	 4.27	 4
8.817	 3.94	 3
8.818	 4.15	 3
8.819	 4.21	 3
8.819	 4.54	 4
8.822	 3.92	 3
8.822	 4.21	 3
8.825	 4.37	 3
8.825	 4.13	 3
8.826	 3.82	 3
8.828	 4.02	 3
8.828	 4.07	 4
8.832	 5.56	 3
8.832	 4.80	 3
8.832	 3.82	 3
8.833	 3.93	 3
8.834	 3.86	 3
8.835	 3.97	 3
8.835	 4.13	 3
8.836	 4.09	 5
8.836	 5.35	 3
8.837	 4.12	 3
8.837	 3.89	 3
8.837	 4.10	 3
8.839	 3.95	 3
8.839	 4.19	 3
8.839	 4.22	 3
8.839	 3.96	 3
8.840	 3.98	 3
8.840	 4.02	 3
8.841	 4.44	 3
8.841	 4.75	 3
8.841	 4.38	 3
8.842	 4.26	 3
8.845	 3.90	 4
8.845	 6.14	 3
8.847	 4.64	 4
8.848	 4.23	 3
8.848	 4.20	 3
8.851	 4.04	 3
8.851	 3.83	 3
8.852	 3.87	 3
8.853	 4.02	 4
8.853	 4.45	 3
8.854	 4.34	 3
8.854	 4.12	 3
8.855	 4.67	 3
8.856	 4.00	 4
8.857	 4.12	 4
8.859	 4.17	 3
8.860	 4.66	 3
8.860	 4.05	 4
8.860	 3.91	 4
8.861	 3.84	 3
8.861	 3.82	 3
8.862	 4.47	 4
8.864	 5.06	 3
8.865	 4.32	 3
8.865	 5.90	 3
8.867	 3.85	 3
8.868	 4.11	 3
8.871	 4.40	 3
8.871	 4.05	 3
8.872	 4.75	 3
8.872	 4.35	 3
8.872	 4.42	 3
8.875	 4.02	 3
8.876	 3.85	 2
8.876	 4.00	 2
8.877	 3.97	 4
8.877	 4.15	 4
8.879	 3.97	 3
8.881	 5.72	 4
8.881	 4.74	 3
8.882	 4.56	 3
8.882	 4.13	 3
8.883	 3.84	 3
8.884	 4.39	 3
8.885	 3.96	 3
8.885	 3.82	 3
8.889	 4.45	 3
8.889	 4.23	 3
8.894	 3.89	 3
8.895	 3.93	 3
8.896	 3.84	 3
8.897	 3.98	 3
8.899	 4.11	 3
8.900	 3.95	 4
8.900	 4.14	 3
8.903	 4.15	 3
8.903	 3.88	 1
8.906	 4.58	 3
8.907	 4.02	 3
8.909	 3.91	 3
8.909	 3.93	 3
8.909	 4.48	 3
8.911	 4.80	 4
8.916	 3.93	 3
8.916	 3.92	 3
8.916	 4.12	 3
8.917	 3.84	 3
8.921	 3.83	 3
8.924	 3.97	 4
8.925	 3.87	 3
8.927	 4.17	 3
8.927	 4.01	 3
8.928	 4.25	 3
8.929	 4.21	 4
8.931	 3.85	 3
8.932	 4.11	 3
8.932	 4.41	 3
8.934	 4.29	 3
8.934	 4.01	 3
8.935	 4.78	 3
8.936	 5.20	 3
8.936	 4.08	 4
8.937	 3.88	 3
8.937	 3.89	 3
8.939	 4.03	 3
8.940	 4.35	 3
8.940	 3.89	 4
8.943	 3.98	 4
8.943	 3.92	 3
8.944	 3.94	 3
8.947	 4.16	 3
8.948	 3.95	 3
8.948	 4.95	 3
8.950	 4.17	 3
8.952	 5.15	 3
8.954	 4.28	 3
8.957	 3.87	 4
8.958	 3.95	 3
8.958	 5.49	 3
8.959	 4.61	 2
8.962	 4.39	 1
8.962	 4.02	 4
8.962	 4.43	 4
8.963	 4.83	 3
8.964	 3.90	 3
8.969	 4.32	 3
8.973	 4.18	 3
8.975	 3.97	 3
8.975	 4.44	 3
8.977	 4.14	 5
8.981	 4.47	 3
8.981	 3.84	 3
8.984	 3.95	 3
8.985	 4.98	 3
8.988	 3.88	 3
8.993	 3.87	 4
8.996	 3.85	 3
9.002	 4.24	 3
9.003	 3.90	 4
9.009	 4.16	 4
9.011	 4.96	 2
9.011	 4.30	 4
9.011	 4.36	 2
9.020	 4.24	 4
9.021	 4.45	 2
9.022	 4.08	 3
9.024	 3.85	 3
9.024	 5.03	 3
9.026	 3.83	 4
9.028	 5.30	 3
9.028	 3.88	 3
9.031	 4.84	 4
9.033	 4.12	 3
9.035	 3.84	 4
9.035	 4.27	 3
9.036	 4.72	 3
9.038	 4.69	 3
9.040	 4.91	 3
9.042	 4.83	 2
9.043	 5.06	 2
9.043	 4.14	 4
9.044	 4.09	 3
9.045	 4.43	 3
9.045	 4.27	 4
9.052	 4.01	 2
9.052	 4.63	 3
9.053	 3.84	 3
9.054	 4.06	 1
9.058	 4.23	 5
9.060	 4.11	 3
9.061	 4.85	 3
9.062	 4.03	 4
9.063	 4.22	 4
9.063	 3.84	 3
9.067	 4.44	 3
9.068	 4.52	 4
9.068	 5.13	 4
9.069	 3.83	 2
9.070	 4.37	 3
9.071	 4.43	 3
9.071	 3.90	 3
9.074	 4.12	 3
9.075	 3.98	 3
9.075	 4.23	 3
9.076	 4.03	 3
9.077	 3.98	 4
9.077	 5.55	 3
9.078	 4.01	 3
9.078	 3.83	 3
9.080	 3.88	 4
9.083	 4.97	 4
9.086	 4.58	 2
9.089	 3.84	 3
9.090	 4.16	 3
9.090	 4.01	 3
9.091	 3.92	 3
9.092	 3.97	 3
9.093	 3.90	 4
9.095	 4.27	 4
9.096	 4.13	 3
9.096	 3.95	 3
9.099	 4.65	 3
9.101	 4.29	 4
9.101	 4.11	 3
9.101	 4.79	 3
9.103	 3.90	 3
9.107	 4.00	 2
9.109	 5.15	 3
9.112	 4.30	 1
9.113	 3.88	 4
9.115	 4.22	 3
9.115	 4.00	 3
9.118	 4.50	 3
9.118	 4.19	 3
9.118	 4.25	 4
9.120	 5.31	 4
9.123	 4.00	 3
9.128	 5.70	 3
9.135	 4.53	 3
9.136	 4.99	 3
9.138	 3.88	 3
9.138	 3.84	 2
9.142	 4.42	 4
9.145	 3.83	 3
9.146	 4.72	 4
9.155	 4.00	 2
9.156	 4.62	 3
9.164	 4.09	 4
9.165	 4.37	 3
9.166	 3.86	 2
9.167	 5.11	 3
9.167	 4.43	 4
9.171	 3.83	 3
9.172	 3.83	 3
9.172	 4.01	 4
9.179	 5.04	 3
9.183	 4.07	 4
9.187	 4.21	 3
9.188	 3.99	 2
9.190	 5.37	 3
9.191	 3.90	 3
9.198	 4.58	 3
9.199	 3.84	 3
9.200	 4.08	 4
9.202	 4.26	 2
9.202	 5.05	 4
9.203	 3.99	 3
9.204	 4.10	 3
9.206	 3.90	 2
9.210	 3.83	 3
9.211	 4.20	 3
9.215	 4.46	 4
9.220	 6.07	 3
9.220	 4.06	 3
9.220	 4.02	 3
9.222	 4.57	 3
9.222	 3.90	 4
9.223	 3.92	 3
9.224	 3.87	 3
9.224	 4.08	 3
9.227	 5.00	 3
9.230	 4.21	 3
9.232	 4.65	 3
9.232	 3.87	 3
9.235	 3.98	 3
9.235	 3.97	 3
9.238	 3.89	 3
9.239	 4.99	 2
9.241	 4.43	 3
9.242	 3.97	 4
9.247	 4.24	 3
9.247	 3.92	 3
9.252	 4.76	 5
9.255	 3.89	 4
9.257	 4.10	 4
9.258	 4.07	 4
9.260	 3.99	 4
9.262	 5.58	 3
9.266	 3.85	 4
9.270	 4.00	 3
9.271	 4.00	 3
9.277	 4.09	 3
9.281	 4.88	 3
9.282	 4.26	 3
9.289	 4.17	 2
9.291	 3.85	 3
9.291	 3.82	 4
9.291	 4.21	 3
9.295	 3.83	 3
9.299	 4.66	 3
9.304	 4.45	 3
9.316	 5.67	 3
9.323	 4.03	 3
9.328	 4.28	 4
9.330	 3.91	 4
9.330	 4.57	 3
9.332	 4.21	 2
9.332	 4.75	 3
9.333	 3.87	 3
9.333	 3.89	 5
9.339	 3.91	 3
9.342	 4.44	 3
9.342	 4.65	 3
9.344	 4.67	 3
9.345	 4.07	 3
9.346	 4.21	 3
9.347	 5.18	 4
9.348	 3.85	 4
9.349	 4.45	 4
9.351	 3.92	 5
9.352	 4.35	 4
9.357	 4.43	 3
9.359	 4.02	 3
9.362	 4.27	 4
9.365	 3.88	 3
9.368	 4.80	 4
9.369	 4.61	 3
9.370	 3.93	 3
9.372	 5.90	 3
9.372	 4.07	 4
9.373	 3.98	 4
9.375	 3.89	 3
9.376	 3.85	 3
9.381	 4.43	 5
9.383	 3.84	 3
9.384	 5.49	 4
9.386	 4.24	 3
9.390	 3.90	 4
9.395	 4.51	 4
9.396	 3.92	 4
9.398	 4.54	 4
9.406	 4.14	 2
9.409	 4.09	 3
9.418	 4.45	 3
9.421	 4.00	 3
9.421	 4.06	 3
9.424	 4.12	 4
9.425	 5.68	 3
9.428	 4.49	 3
9.437	 4.17	 3
9.438	 4.16	 4
9.439	 4.24	 3
9.441	 4.41	 3
9.445	 5.54	 3
9.449	 3.93	 3
9.449	 3.97	 3
9.450	 3.88	 3
9.452	 4.04	 4
9.458	 4.13	 3
9.460	 4.59	 2
9.461	 5.53	 3
9.466	 4.90	 4
9.467	 4.10	 4
9.468	 4.08	 4
9.470	 4.52	 3
9.470	 4.45	 5
9.474	 4.30	 3
9.475	 4.61	 3
9.476	 4.09	 3
9.482	 4.42	 4
9.491	 3.99	 3
9.495	 3.99	 3
9.496	 3.87	 4
9.497	 4.40	 3
9.506	 5.84	 3
9.507	 4.14	 2
9.508	 4.22	 4
9.510	 4.59	 3
9.523	 4.28	 2
9.523	 4.59	 3
9.528	 4.19	 4
9.531	 4.69	 2
9.531	 4.21	 3
9.532	 5.37	 2
9.539	 4.70	 4
9.540	 3.99	 3
9.542	 4.20	 3
9.546	 4.05	 2
9.547	 3.83	 4
9.552	 3.97	 5
9.567	 4.07	 3
9.567	 4.79	 3
9.568	 4.21	 3
9.573	 4.31	 3
9.575	 3.86	 5
9.578	 4.19	 3
9.580	 4.03	 2
9.581	 4.85	 4
9.585	 3.84	 3
9.596	 3.93	 3
9.600	 4.16	 2
9.605	 5.41	 4
9.617	 4.35	 3
9.618	 4.16	 4
9.622	 3.90	 4
9.629	 4.47	 4
9.630	 5.15	 4
9.634	 4.17	 3
9.634	 4.34	 3
9.637	 4.26	 2
9.639	 3.95	 5
9.652	 3.87	 2
9.652	 4.03	 3
9.659	 5.29	 4
9.660	 3.93	 3
9.662	 4.33	 2
9.670	 4.68	 4
9.670	 3.97	 3
9.670	 4.21	 3
9.672	 4.08	 2
9.676	 3.85	 3
9.681	 4.44	 4
9.684	 4.69	 3
9.685	 3.85	 3
9.690	 3.88	 3
9.696	 3.92	 3
9.706	 3.98	 2
9.709	 4.28	 4
9.712	 4.51	 4
9.713	 4.88	 3
9.713	 4.49	 1
9.717	 3.96	 3
9.718	 4.23	 3
9.726	 5.06	 4
9.729	 4.64	 2
9.729	 3.86	 3
9.735	 4.28	 3
9.749	 5.02	 1
9.757	 6.40	 3
9.759	 4.16	 3
9.762	 3.98	 4
9.766	 4.32	 3
9.767	 4.43	 4
9.769	 4.08	 5
9.772	 4.12	 1
9.775	 4.14	 3
9.777	 4.00	 4
9.784	 3.85	 3
9.784	 4.12	 4
9.785	 3.96	 3
9.788	 4.20	 3
9.791	 3.96	 3
9.807	 6.61	 4
9.808	 4.75	 3
9.810	 3.92	 5
9.811	 4.63	 5
9.812	 5.73	 4
9.812	 4.00	 3
9.814	 3.87	 5
9.815	 4.02	 5
9.815	 3.92	 4
9.816	 4.09	 5
9.817	 3.91	 3
9.821	 4.36	 5
9.827	 4.09	 5
9.829	 4.56	 3
9.833	 4.67	 5
9.834	 3.88	 3
9.835	 3.99	 4
9.836	 4.07	 4
9.837	 5.02	 3
9.850	 5.35	 4
9.850	 3.83	 3
9.852	 3.86	 3
9.853	 3.91	 4
9.863	 3.89	 5
9.873	 4.91	 3
9.877	 4.24	 5
9.879	 5.13	 5
9.883	 5.51	 3
9.884	 4.50	 6
9.885	 4.05	 5
9.887	 4.09	 5
9.889	 3.82	 3
9.900	 4.26	 3
9.904	 4.52	 4
9.905	 4.74	 4
9.907	 3.97	 5
9.908	 4.71	 4
9.908	 4.24	 3
9.917	 4.51	 3
9.921	 4.33	 3
9.923	 4.17	 6
9.924	 3.84	 5
9.927	 3.96	 1
9.929	 4.11	 4
9.937	 3.86	 5
9.937	 5.36	 3
9.944	 5.62	 3
9.947	 3.88	 4
9.949	 4.05	 4
9.957	 3.85	 5
9.961	 4.65	 4
9.962	 3.94	 4
9.976	 4.18	 3
9.990	 3.94	 4
9.996	 4.26	 3
9.997	 3.86	 3
9.999	 4.97	 5
10.002	 3.99	 1
10.004	 3.89	 3
10.004	 3.97	 4
10.005	 4.52	 4
10.006	 3.85	 5
10.010	 4.58	 5
10.011	 4.11	 4
10.029	 5.76	 3
10.032	 4.12	 3
10.032	 4.65	 4
10.033	 3.85	 5
10.033	 3.85	 3
10.039	 4.50	 3
10.042	 4.32	 3
10.045	 4.13	 3
10.046	 4.25	 4
10.048	 4.07	 4
10.049	 5.19	 3
10.050	 4.11	 3
10.050	 3.85	 4
10.052	 3.95	 3
10.064	 4.03	 3
10.066	 3.85	 4
10.074	 4.26	 4
10.075	 4.04	 4
10.084	 4.65	 3
10.087	 4.19	 3
10.095	 4.30	 6
10.108	 3.82	 4
10.117	 4.28	 3
10.118	 3.89	 4
10.121	 4.61	 3
10.149	 4.23	 4
10.150	 4.94	 3
10.154	 4.38	 5
10.159	 4.01	 4
10.164	 4.17	 5
10.165	 3.88	 3
10.167	 3.85	 3
10.169	 4.53	 3
10.169	 4.22	 5
10.178	 5.25	 5
10.187	 4.01	 3
10.198	 4.37	 4
10.198	 4.21	 4
10.200	 3.88	 4
10.203	 4.04	 4
10.208	 4.92	 5
10.208	 4.22	 4
10.211	 4.60	 3
10.220	 4.06	 3
10.225	 4.32	 1
10.231	 4.58	 2
10.236	 4.40	 2
10.236	 4.10	 4
10.237	 4.88	 5
10.246	 4.13	 3
10.247	 3.83	 5
10.251	 3.95	 5
10.256	 4.19	 3
10.273	 3.89	 4
10.274	 3.83	 4
10.276	 4.33	 6
10.280	 4.88	 3
10.286	 5.67	 5
10.298	 4.73	 3
10.303	 4.15	 3
10.309	 4.01	 4
10.311	 3.99	 3
10.319	 4.65	 3
10.325	 4.81	 3
10.330	 3.91	 4
10.336	 4.11	 4
10.339	 4.59	 5
10.339	 4.48	 3
10.351	 4.24	 3
10.379	 3.89	 4
10.380	 4.07	 3
10.389	 5.40	 4
10.394	 3.97	 2
10.402	 4.44	 3
10.405	 4.52	 3
10.413	 3.98	 3
10.417	 4.66	 3
10.440	 3.88	 3
10.441	 4.29	 4
10.443	 4.35	 1
10.451	 5.16	 4
10.457	 3.85	 2
10.464	 3.99	 3
10.471	 3.82	 5
10.482	 4.02	 5
10.484	 4.13	 4
10.485	 5.22	 4
10.500	 3.88	 4
10.503	 4.17	 3
10.506	 4.04	 3
10.518	 4.10	 3
10.518	 4.61	 4
10.520	 4.17	 4
10.521	 4.05	 4
10.530	 4.00	 4
10.535	 3.89	 2
10.544	 4.45	 3
10.550	 3.85	 3
10.552	 4.34	 3
10.566	 4.18	 3
10.582	 4.13	 4
10.597	 4.51	 4
10.600	 4.02	 3
10.602	 4.43	 3
10.606	 4.29	 5
10.612	 3.88	 3
10.617	 3.83	 4
10.619	 3.95	 4
10.626	 4.20	 2
10.632	 4.00	 4
10.636	 3.86	 3
10.637	 3.87	 5
10.652	 4.33	 2
10.655	 3.94	 4
10.661	 3.88	 4
10.662	 4.18	 3
10.663	 4.25	 3
10.669	 4.23	 4
10.690	 4.09	 4
10.692	 4.10	 2
10.695	 4.71	 5
10.720	 5.36	 3
10.723	 4.43	 3
10.729	 3.86	 3
10.731	 4.18	 2
10.732	 4.19	 5
10.735	 4.03	 2
10.744	 3.85	 5
10.751	 3.97	 4
10.760	 4.13	 3
10.763	 4.19	 3
10.770	 4.10	 3
10.788	 4.09	 3
10.791	 4.18	 3
10.807	 4.36	 3
10.808	 4.38	 4
10.815	 4.82	 4
10.820	 4.48	 3
10.834	 4.16	 2
10.836	 3.89	 2
10.850	 4.01	 6
10.853	 4.26	 3
10.859	 3.94	 3
10.863	 3.99	 3
10.864	 3.90	 3
10.878	 4.05	 3
10.886	 4.45	 1
10.894	 3.84	 5
10.895	 4.19	 3
10.897	 3.91	 3
10.899	 4.22	 3
10.918	 3.85	 3
10.921	 4.40	 1
10.925	 4.88	 3
10.943	 4.18	 4
10.944	 4.04	 1
10.946	 4.35	 4
10.947	 4.18	 1
10.972	 4.18	 4
10.975	 7.08	 3
10.976	 3.90	 3
10.978	 5.09	 4
10.985	 4.14	 4
10.987	 4.14	 3
10.987	 4.80	 4
10.990	 4.70	 4
10.992	 3.89	 3
10.998	 6.00	 3
10.998	 4.05	 4
11.000	 3.84	 5
11.000	 3.96	 4
11.005	 4.02	 4
11.014	 3.92	 5
11.015	 4.31	 1
11.024	 5.86	 5
11.025	 4.28	 4
11.026	 4.31	 1
11.026	 3.83	 4
11.031	 3.83	 4
11.034	 3.87	 4
11.035	 3.93	 4
11.037	 4.34	 4
11.039	 4.42	 4
11.042	 4.07	 4
11.044	 4.51	 2
11.044	 3.97	 6
11.046	 4.58	 4
11.049	 5.63	 4
11.049	 4.28	 6
11.050	 4.17	 3
11.052	 4.02	 4
11.057	 3.88	 4
11.057	 3.96	 4
11.070	 4.19	 4
11.070	 4.08	 4
11.073	 4.93	 3
11.081	 3.93	 3
11.083	 4.17	 4
11.096	 3.91	 3
11.098	 4.04	 4
11.099	 4.61	 4
11.108	 3.96	 4
11.108	 4.04	 4
11.110	 4.07	 4
11.112	 4.71	 4
11.114	 5.24	 4
11.116	 4.18	 4
11.123	 3.90	 4
11.131	 3.90	 4
11.132	 4.15	 3
11.135	 5.36	 4
11.138	 4.45	 3
11.147	 4.32	 3
11.148	 4.13	 2
11.151	 3.87	 4
11.152	 4.01	 3
11.152	 3.94	 3
11.153	 4.26	 4
11.155	 4.11	 3
11.156	 5.48	 4
11.164	 4.15	 4
11.165	 3.91	 3
11.172	 4.43	 3
11.178	 4.05	 3
11.182	 4.46	 4
11.190	 4.14	 4
11.195	 3.98	 5
11.198	 4.41	 3
11.200	 3.90	 5
11.200	 3.83	 3
11.201	 4.50	 5
11.202	 3.90	 2
11.217	 3.92	 5
11.220	 4.81	 4
11.224	 4.68	 3
11.228	 4.17	 4
11.229	 6.21	 5
11.232	 4.12	 4
11.233	 3.91	 6
11.234	 4.44	 3
11.235	 4.32	 4
11.242	 4.11	 3
11.254	 4.52	 3
11.256	 4.09	 4
11.259	 4.54	 4
11.267	 4.74	 4
11.268	 3.91	 3
11.272	 3.86	 4
11.280	 3.82	 6
11.295	 4.74	 3
11.298	 4.34	 4
11.301	 3.86	 1
11.314	 5.28	 3
11.317	 3.91	 4
11.319	 4.68	 4
11.319	 4.00	 4
11.328	 4.22	 4
11.329	 4.13	 4
11.336	 4.06	 4
11.339	 3.86	 5
11.341	 4.15	 4
11.344	 4.00	 6
11.350	 4.07	 3
11.355	 4.54	 3
11.367	 4.23	 4
11.375	 4.09	 3
11.377	 4.52	 4
11.380	 4.33	 4
11.387	 4.26	 5
11.391	 4.10	 4
11.402	 3.94	 4
11.402	 3.95	 3
11.406	 5.67	 4
11.409	 4.47	 6
11.412	 6.41	 3
11.426	 3.99	 6
11.431	 4.02	 4
11.431	 3.91	 5
11.432	 4.51	 3
11.433	 3.87	 3
11.434	 4.84	 4
11.435	 4.68	 4
11.435	 4.33	 4
11.438	 3.87	 4
11.444	 5.23	 3
11.446	 3.84	 3
11.448	 4.18	 4
11.449	 6.50	 3
11.452	 3.82	 3
11.460	 4.89	 4
11.461	 3.91	 3
11.463	 4.24	 4
11.464	 4.67	 4
11.470	 4.56	 3
11.478	 3.92	 4
11.479	 4.79	 3
11.490	 4.05	 4
11.490	 3.94	 4
11.492	 4.11	 3
11.495	 4.25	 2
11.505	 3.82	 4
11.508	 4.66	 4
11.517	 3.92	 4
11.517	 4.44	 5
11.518	 4.23	 4
11.519	 4.08	 5
11.524	 4.39	 4
11.530	 5.49	 3
11.536	 3.83	 4
11.540	 3.84	 2
11.542	 3.83	 4
11.545	 4.02	 2
11.569	 4.14	 2
11.571	 3.97	 6
11.582	 5.23	 2
11.584	 4.66	 3
11.591	 4.01	 4
11.591	 4.25	 4
11.610	 3.96	 4
11.617	 4.56	 3
11.621	 4.31	 4
11.625	 3.86	 4
11.627	 4.02	 5
11.627	 4.40	 3
11.627	 3.90	 4
11.631	 4.05	 3
11.634	 3.89	 4
11.642	 4.45	 4
11.654	 3.94	 3
11.663	 4.12	 3
11.673	 4.11	 5
11.681	 3.87	 4
11.683	 4.20	 4
11.684	 4.33	 4
11.689	 4.16	 3
11.690	 4.06	 4
11.724	 3.89	 6
11.725	 5.88	 4
11.725	 4.24	 5
11.725	 4.83	 3
11.730	 3.83	 4
11.731	 4.59	 5
11.741	 4.05	 4
11.743	 4.08	 3
11.743	 5.00	 4
11.743	 4.71	 4
11.749	 4.24	 5
11.756	 3.91	 5
11.759	 4.15	 6
11.759	 4.01	 3
11.762	 4.10	 4
11.764	 4.55	 4
11.766	 3.86	 4
11.767	 3.97	 4
11.769	 4.07	 3
11.774	 4.04	 4
11.783	 4.08	 4
11.793	 3.89	 4
11.797	 4.57	 4
11.805	 4.36	 3
11.819	 4.22	 4
11.835	 3.86	 6
11.837	 4.07	 4
11.841	 4.31	 3
11.850	 4.41	 6
11.852	 4.71	 4
11.858	 4.16	 3
11.858	 3.82	 4
11.860	 4.85	 5
11.861	 3.97	 3
11.864	 3.87	 4
11.876	 3.91	 6
11.883	 4.44	 5
11.885	 4.19	 2
11.893	 4.34	 3
11.897	 4.03	 3
11.898	 3.99	 6
11.901	 4.08	 4
11.905	 4.15	 4
11.907	 3.86	 4
11.912	 3.95	 4
11.921	 4.04	 3
11.922	 3.87	 6
11.930	 3.82	 5
11.934	 4.36	 4
11.942	 3.90	 3
11.947	 3.92	 4
11.951	 3.93	 3
11.952	 4.05	 2
11.960	 4.08	 3
11.980	 3.96	 4
11.986	 3.98	 4
11.997	 3.96	 3
11.997	 3.92	 4
12.001	 4.13	 2
12.001	 5.07	 5
12.010	 4.70	 3
12.013	 4.16	 4
12.019	 4.03	 5
12.026	 4.13	 5
12.032	 5.14	 3
12.039	 3.92	 4
12.041	 3.90	 3
12.052	 4.19	 4
12.065	 3.99	 5
12.067	 4.60	 4
12.069	 5.07	 3
12.072	 4.10	 4
12.101	 4.50	 3
12.102	 4.48	 4
12.114	 4.20	 6
12.136	 4.47	 6
12.136	 4.12	 4
12.143	 4.60	 3
12.146	 4.31	 5
12.147	 3.92	 2
12.156	 5.02	 3
12.159	 4.89	 4
12.166	 4.32	 4
12.168	 4.49	 2
12.176	 4.07	 3
12.189	 3.90	 4
12.197	 4.39	 4
12.205	 4.65	 4
12.208	 4.48	 1
12.212	 3.91	 3
12.221	 4.18	 2
12.222	 3.84	 5
12.222	 4.31	 3
12.236	 4.18	 3
12.241	 4.06	 3
12.242	 3.98	 4
12.248	 3.88	 4
12.264	 4.17	 3
12.271	 4.64	 3
12.280	 4.25	 3
12.285	 3.86	 3
12.295	 4.47	 3
12.297	 4.63	 4
12.301	 4.16	 4
12.303	 4.24	 4
12.311	 4.01	 4
12.315	 4.84	 4
12.333	 4.26	 3
12.343	 4.35	 1
12.351	 4.07	 2
12.389	 3.87	 6
12.399	 3.89	 5
12.399	 5.11	 6
12.401	 4.22	 3
12.418	 3.98	 3
12.418	 4.09	 3
12.422	 4.02	 3
12.423	 5.63	 3
12.433	 4.02	 2
12.437	 4.36	 3
12.441	 4.25	 5
12.454	 4.36	 3
12.454	 4.43	 4
12.465	 4.74	 4
12.477	 4.10	 3
12.490	 4.08	 5
12.504	 4.07	 3
12.524	 4.39	 3
12.550	 3.91	 4
12.554	 4.37	 3
12.561	 3.85	 3
12.565	 3.88	 4
12.587	 3.89	 3
12.588	 3.85	 3
12.605	 4.02	 3
12.606	 4.32	 3
12.627	 3.96	 3
12.629	 4.29	 5
12.671	 4.26	 3
12.676	 3.96	 3
12.680	 4.13	 3
12.686	 4.59	 3
12.693	 3.85	 4
12.701	 3.92	 3
12.701	 3.84	 6
12.727	 4.01	 4
12.742	 4.67	 3
12.744	 3.84	 3
12.751	 4.19	 4
12.768	 4.05	 2
12.772	 4.32	 4
12.788	 4.25	 4
12.789	 3.94	 3
12.804	 3.96	 4
12.814	 4.05	 6
12.826	 3.99	 4
12.842	 3.86	 5
12.862	 5.21	 3
12.864	 4.18	 7
12.877	 4.18	 3
12.887	 5.06	 4
12.893	 3.88	 3
12.895	 3.92	 5
12.897	 3.96	 4
12.913	 4.62	 4
12.913	 4.01	 1
12.926	 4.43	 3
12.931	 4.04	 4
12.940	 3.85	 5
12.951	 5.52	 5
12.955	 4.91	 3
12.981	 3.90	 5
12.987	 3.91	 5
12.997	 4.11	 3
13.015	 4.68	 5
13.035	 4.26	 2
13.045	 3.94	 3
13.075	 4.46	 4
13.076	 3.90	 6
13.080	 3.92	 3
13.081	 3.88	 4
13.087	 3.90	 4
13.102	 3.91	 2
13.107	 4.03	 3
13.116	 4.22	 4
13.128	 4.57	 1
13.158	 3.99	 2
13.182	 3.99	 1
13.192	 3.94	 2
13.198	 3.84	 5
13.204	 4.10	 6
13.211	 3.95	 3
13.214	 4.14	 5
13.216	 4.05	 1
13.220	 4.04	 2
13.226	 3.89	 4
13.251	 4.63	 3
13.253	 4.67	 2
13.253	 4.00	 3
13.272	 4.16	 3
13.277	 3.95	 3
13.303	 3.96	 4
13.307	 3.93	 4
13.307	 4.40	 4
13.327	 3.85	 1
13.329	 4.45	 3
13.333	 5.56	 2
13.346	 4.85	 5
13.361	 4.44	 5
13.364	 4.65	 3
13.369	 4.11	 3
13.371	 4.51	 3
13.374	 4.76	 5
13.376	 3.99	 4
13.380	 3.99	 6
13.384	 4.22	 5
13.386	 3.94	 4
13.396	 3.86	 5
13.401	 3.88	 3
13.409	 4.99	 4
13.411	 3.88	 4
13.417	 4.60	 3
13.423	 3.88	 3
13.430	 3.85	 1
13.457	 4.79	 5
13.468	 4.07	 2
13.471	 4.19	 5
13.489	 3.89	 4
13.494	 4.82	 5
13.500	 5.26	 3
13.502	 3.83	 3
13.508	 4.08	 4
13.513	 3.89	 3
13.518	 4.47	 4
13.519	 3.83	 4
13.523	 4.31	 4
13.527	 3.94	 4
13.528	 4.13	 2
13.531	 4.23	 4
13.535	 3.85	 5
13.538	 4.14	 4
13.545	 3.82	 4
13.560	 3.90	 5
13.560	 4.93	 4
13.564	 4.12	 3
13.569	 4.03	 4
13.570	 3.89	 4
13.603	 3.96	 4
13.616	 4.25	 2
13.618	 4.59	 3
13.623	 4.53	 3
13.623	 4.54	 5
13.628	 4.61	 8
13.634	 4.48	 6
13.639	 4.19	 5
13.659	 5.27	 3
13.660	 3.92	 4
13.679	 4.23	 3
13.685	 4.64	 5
13.706	 3.95	 3
13.724	 5.08	 7
13.737	 4.02	 4
13.744	 3.97	 1
13.747	 3.84	 4
13.752	 4.02	 4
13.766	 3.88	 4
13.767	 4.14	 2
13.774	 3.90	 1
13.792	 3.85	 5
13.795	 3.89	 4
13.798	 4.53	 3
13.803	 4.08	 3
13.808	 3.94	 3
13.846	 5.02	 3
13.848	 5.01	 3
13.849	 5.53	 4
13.866	 4.18	 5
13.867	 4.24	 5
13.890	 5.65	 7
13.898	 4.98	 4
13.902	 3.96	 3
13.920	 4.11	 3
13.923	 4.04	 5
13.934	 4.30	 5
13.945	 4.99	 8
13.951	 4.45	 4
13.959	 4.44	 4
13.970	 4.33	 4
13.987	 3.98	 3
13.996	 4.03	 3
