# Simulation 915
# RelativeTime(days) Magnitude Generation
Time Mag Gen
7.090	 4.01	 1
7.239	 3.92	 1
7.301	 4.66	 1
7.341	 3.86	 1
7.409	 4.17	 1
7.570	 4.04	 1
7.671	 3.95	 1
7.856	 4.09	 1
7.978	 4.01	 1
7.995	 4.79	 1
8.018	 4.37	 1
8.139	 4.01	 1
8.177	 3.95	 1
8.451	 3.84	 1
8.633	 3.95	 1
8.645	 4.75	 1
8.658	 3.87	 2
8.700	 4.96	 1
8.769	 4.79	 1
8.885	 4.03	 1
9.050	 4.02	 1
9.496	 4.59	 2
9.531	 3.84	 3
9.598	 5.26	 1
9.649	 4.08	 1
9.768	 4.55	 1
9.823	 4.55	 1
10.063	 3.94	 1
10.135	 5.14	 1
10.969	 4.20	 1
11.032	 4.24	 1
11.038	 3.98	 2
11.046	 3.95	 1
11.466	 5.60	 1
11.604	 4.46	 2
11.619	 5.46	 2
11.633	 4.17	 3
11.654	 3.88	 3
11.699	 4.13	 1
11.802	 4.46	 2
11.933	 3.97	 2
11.954	 4.13	 1
12.183	 4.00	 1
12.519	 4.09	 1
12.953	 3.93	 1
13.403	 3.99	 1
13.540	 4.04	 3
13.804	 4.90	 1
13.857	 4.67	 2
13.899	 4.14	 2
13.961	 3.99	 1
