# Simulation 226
# RelativeTime(days) Magnitude Generation
Time Mag Gen
7.066	 3.92	 1
7.123	 4.85	 1
7.166	 4.18	 1
7.653	 3.92	 1
7.724	 4.27	 1
7.850	 3.98	 1
7.853	 4.48	 1
7.855	 3.86	 1
7.976	 4.86	 1
8.098	 3.98	 1
8.107	 3.96	 1
8.148	 3.90	 1
8.367	 4.00	 1
8.496	 5.56	 1
8.523	 4.74	 1
8.572	 4.09	 1
8.635	 3.93	 1
8.796	 5.32	 1
8.823	 3.96	 1
8.989	 4.04	 1
9.085	 3.88	 1
9.542	 4.00	 1
9.565	 3.97	 1
9.597	 3.95	 1
9.805	 4.05	 1
9.976	 3.98	 1
10.019	 4.77	 1
10.032	 4.03	 1
10.040	 4.69	 1
10.069	 4.19	 1
10.200	 4.13	 1
10.242	 4.31	 1
10.377	 3.90	 1
10.526	 3.87	 1
10.556	 5.36	 1
10.585	 4.07	 1
10.692	 4.89	 1
10.899	 4.06	 1
11.229	 4.03	 1
11.254	 3.98	 1
11.255	 4.83	 1
11.310	 3.87	 1
11.400	 4.65	 1
11.539	 4.27	 1
11.573	 4.17	 1
11.686	 4.26	 1
11.897	 4.08	 1
11.921	 4.34	 1
11.955	 4.70	 1
11.990	 4.33	 1
12.637	 4.13	 1
12.708	 4.36	 1
12.732	 4.74	 1
12.746	 4.47	 1
12.777	 4.42	 1
13.254	 4.18	 1
13.342	 4.37	 1
13.351	 4.11	 1
13.528	 4.07	 1
13.594	 4.12	 1
13.854	 3.85	 1
