# Simulation 123
# RelativeTime(days) Magnitude Generation
Time Mag Gen
7.304	 4.71	 1
7.586	 5.03	 1
7.605	 3.92	 1
7.757	 4.22	 1
7.971	 5.10	 1
8.005	 3.87	 2
8.501	 4.03	 1
8.866	 3.82	 1
9.005	 4.09	 1
9.084	 4.08	 1
9.096	 4.35	 1
9.139	 3.94	 1
9.325	 5.14	 1
9.382	 4.80	 2
9.390	 4.00	 2
9.409	 4.48	 2
9.446	 3.86	 2
9.808	 3.92	 1
9.872	 3.82	 1
10.045	 3.88	 2
10.129	 4.05	 1
10.273	 4.09	 1
10.336	 4.28	 1
10.495	 4.02	 1
10.692	 3.93	 1
10.860	 4.14	 1
10.875	 5.22	 1
11.195	 4.45	 1
11.557	 4.07	 1
11.666	 4.75	 1
12.761	 4.12	 1
13.070	 4.42	 2
13.106	 3.84	 1
13.197	 4.14	 1
13.235	 4.80	 1
13.736	 4.23	 1
13.792	 4.08	 1
13.833	 4.17	 1
