# Simulation 463
# RelativeTime(days) Magnitude Generation
Time Mag Gen
7.164	 4.89	 1
7.190	 4.07	 1
7.253	 4.06	 1
7.353	 4.02	 1
7.361	 3.86	 2
7.443	 3.87	 1
7.459	 3.84	 1
7.653	 3.88	 1
7.825	 4.73	 1
7.917	 4.10	 1
8.016	 4.83	 1
8.060	 4.19	 1
8.283	 4.62	 1
8.434	 4.64	 1
8.477	 5.34	 2
8.531	 4.13	 2
8.560	 7.72	 1
8.560	 3.97	 2
8.560	 4.57	 2
8.560	 4.41	 2
8.560	 4.00	 2
8.564	 3.98	 2
8.564	 5.50	 2
8.567	 4.03	 2
8.567	 3.86	 2
8.568	 4.09	 2
8.570	 4.40	 2
8.571	 3.82	 2
8.571	 4.40	 2
8.572	 4.61	 2
8.572	 5.75	 2
8.572	 5.26	 2
8.572	 4.00	 2
8.574	 4.25	 2
8.574	 4.77	 2
8.575	 4.48	 2
8.575	 3.83	 2
8.576	 4.13	 2
8.576	 4.01	 2
8.577	 3.84	 2
8.579	 5.10	 2
8.584	 3.98	 2
8.585	 3.95	 2
8.586	 4.76	 3
8.587	 4.07	 2
8.588	 4.08	 2
8.588	 4.20	 2
8.591	 4.62	 2
8.592	 4.33	 2
8.593	 4.16	 2
8.595	 4.03	 2
8.598	 4.98	 2
8.598	 4.50	 2
8.599	 5.18	 2
8.599	 4.03	 2
8.600	 4.58	 2
8.607	 4.21	 2
8.611	 4.21	 2
8.611	 3.90	 2
8.613	 4.01	 2
8.614	 4.02	 2
8.615	 4.93	 2
8.617	 4.02	 2
8.617	 4.53	 2
8.620	 4.76	 2
8.622	 4.13	 2
8.624	 4.07	 2
8.625	 4.92	 2
8.625	 4.14	 2
8.627	 3.95	 2
8.627	 4.03	 2
8.628	 4.52	 2
8.628	 4.00	 2
8.629	 3.87	 3
8.632	 3.99	 2
8.633	 3.89	 2
8.633	 4.77	 2
8.633	 4.99	 1
8.636	 4.16	 2
8.636	 3.87	 2
8.637	 4.19	 2
8.639	 3.98	 2
8.639	 4.27	 2
8.640	 3.86	 2
8.643	 4.36	 2
8.644	 3.87	 3
8.647	 3.83	 2
8.651	 4.56	 2
8.652	 3.88	 2
8.654	 4.00	 2
8.655	 3.95	 2
8.660	 3.97	 2
8.661	 4.17	 2
8.662	 5.08	 2
8.670	 4.00	 2
8.673	 3.86	 2
8.678	 3.96	 2
8.680	 4.26	 2
8.682	 4.14	 2
8.686	 3.97	 2
8.686	 4.61	 2
8.687	 4.98	 2
8.688	 4.33	 2
8.688	 3.89	 2
8.688	 4.07	 2
8.692	 4.06	 2
8.697	 3.95	 2
8.697	 3.82	 2
8.698	 3.86	 1
8.699	 4.32	 2
8.702	 6.02	 2
8.704	 3.95	 3
8.704	 3.95	 2
8.706	 4.18	 2
8.708	 4.02	 2
8.709	 3.97	 2
8.713	 3.90	 2
8.714	 4.06	 2
8.715	 3.98	 2
8.717	 3.95	 2
8.720	 4.03	 2
8.728	 3.95	 2
8.729	 4.34	 2
8.730	 5.32	 2
8.730	 4.54	 2
8.731	 4.59	 2
8.735	 4.11	 2
8.739	 3.92	 3
8.740	 4.01	 2
8.741	 4.17	 2
8.741	 5.46	 2
8.742	 4.85	 2
8.744	 3.90	 2
8.744	 4.05	 2
8.745	 3.83	 2
8.745	 4.25	 2
8.747	 4.04	 2
8.750	 4.13	 2
8.753	 4.02	 2
8.758	 4.26	 2
8.759	 4.15	 2
8.766	 4.01	 2
8.772	 3.88	 2
8.775	 4.43	 2
8.778	 4.60	 2
8.781	 4.03	 2
8.781	 4.21	 2
8.789	 3.99	 2
8.789	 4.70	 2
8.789	 4.46	 3
8.791	 4.16	 2
8.795	 3.97	 2
8.803	 4.42	 2
8.810	 4.12	 2
8.816	 4.55	 2
8.818	 3.83	 2
8.820	 4.07	 2
8.821	 4.41	 2
8.826	 4.63	 2
8.828	 4.08	 2
8.829	 4.23	 2
8.830	 4.30	 3
8.832	 3.95	 3
8.832	 3.98	 2
8.835	 3.93	 2
8.838	 3.95	 2
8.849	 4.26	 2
8.852	 4.19	 2
8.858	 3.86	 2
8.860	 4.12	 2
8.860	 4.07	 2
8.863	 3.83	 2
8.863	 3.97	 2
8.869	 3.85	 3
8.869	 4.03	 2
8.872	 3.86	 2
8.876	 4.18	 2
8.880	 5.87	 3
8.883	 4.05	 4
8.885	 3.95	 2
8.891	 3.93	 2
8.894	 5.90	 2
8.898	 4.02	 2
8.901	 4.11	 2
8.903	 4.46	 2
8.907	 4.09	 2
8.910	 3.90	 3
8.918	 4.16	 2
8.918	 3.87	 2
8.925	 4.44	 2
8.927	 3.94	 3
8.928	 5.29	 2
8.929	 3.97	 3
8.932	 3.84	 2
8.934	 5.97	 2
8.940	 4.35	 2
8.946	 3.85	 2
8.949	 3.86	 2
8.951	 3.86	 2
8.959	 3.89	 4
8.962	 3.98	 2
8.962	 4.00	 2
8.964	 3.86	 2
8.965	 3.92	 3
8.965	 3.87	 3
8.965	 4.40	 2
8.967	 4.60	 3
8.972	 3.89	 2
8.977	 4.07	 2
8.978	 3.92	 2
8.980	 3.85	 3
8.981	 3.87	 2
8.983	 3.85	 2
8.984	 4.10	 2
8.987	 3.84	 2
8.990	 4.29	 3
9.001	 4.45	 2
9.005	 4.23	 2
9.011	 5.09	 2
9.011	 3.84	 2
9.017	 4.02	 3
9.020	 4.41	 2
9.021	 3.83	 2
9.028	 4.18	 2
9.029	 4.00	 2
9.036	 5.00	 2
9.036	 3.85	 2
9.038	 4.52	 2
9.042	 4.61	 2
9.044	 3.94	 2
9.052	 4.49	 2
9.052	 4.14	 2
9.055	 4.33	 2
9.064	 3.84	 3
9.067	 3.89	 2
9.072	 3.91	 2
9.078	 4.38	 2
9.078	 4.14	 2
9.083	 4.25	 3
9.086	 4.00	 2
9.088	 4.14	 2
9.092	 3.89	 2
9.098	 4.12	 2
9.099	 4.13	 3
9.105	 4.43	 3
9.108	 4.39	 2
9.115	 4.15	 2
9.118	 4.28	 2
9.134	 4.71	 2
9.139	 4.01	 4
9.149	 4.51	 2
9.150	 4.58	 2
9.162	 4.30	 4
9.163	 4.14	 2
9.163	 3.89	 1
9.167	 4.04	 2
9.177	 4.63	 2
9.180	 4.32	 3
9.183	 4.23	 2
9.183	 4.87	 1
9.191	 4.19	 2
9.193	 4.30	 3
9.204	 4.08	 3
9.213	 3.96	 3
9.216	 3.98	 2
9.223	 4.29	 3
9.227	 3.85	 2
9.230	 4.58	 2
9.239	 3.93	 2
9.245	 4.36	 2
9.250	 3.92	 2
9.258	 3.90	 3
9.259	 4.94	 3
9.260	 4.31	 2
9.263	 3.96	 2
9.268	 4.11	 3
9.280	 4.57	 2
9.283	 4.20	 2
9.284	 4.01	 2
9.285	 4.48	 2
9.290	 4.68	 2
9.291	 3.85	 2
9.299	 4.81	 2
9.303	 3.89	 2
9.310	 4.07	 2
9.312	 4.15	 3
9.327	 5.02	 2
9.348	 4.02	 2
9.352	 4.16	 2
9.356	 6.53	 2
9.359	 3.90	 2
9.364	 4.33	 3
9.364	 5.89	 2
9.366	 5.80	 3
9.374	 3.86	 3
9.382	 3.86	 2
9.385	 4.35	 2
9.389	 4.05	 3
9.389	 3.98	 4
9.391	 3.89	 2
9.395	 4.44	 3
9.403	 3.95	 3
9.406	 4.25	 2
9.416	 4.48	 3
9.418	 3.95	 3
9.418	 3.89	 3
9.419	 3.85	 3
9.424	 4.35	 2
9.427	 3.89	 4
9.428	 4.99	 4
9.431	 4.27	 3
9.433	 4.28	 3
9.435	 5.02	 3
9.442	 4.51	 3
9.443	 4.00	 2
9.445	 4.87	 2
9.456	 5.01	 2
9.462	 5.20	 2
9.472	 4.00	 2
9.475	 4.00	 2
9.478	 4.50	 2
9.484	 4.28	 3
9.484	 4.50	 4
9.490	 4.04	 2
9.492	 4.07	 4
9.498	 3.98	 3
9.508	 4.03	 2
9.527	 4.60	 2
9.531	 3.90	 2
9.534	 3.87	 2
9.539	 6.76	 3
9.548	 4.20	 4
9.552	 4.47	 4
9.556	 3.98	 4
9.559	 4.61	 3
9.569	 4.06	 4
9.569	 3.96	 4
9.572	 3.85	 4
9.574	 3.91	 1
9.578	 4.26	 2
9.578	 4.06	 3
9.578	 4.85	 4
9.579	 3.99	 4
9.606	 3.88	 4
9.610	 4.32	 4
9.612	 3.84	 3
9.619	 4.70	 1
9.624	 3.91	 2
9.630	 4.14	 3
9.638	 4.31	 2
9.638	 4.05	 2
9.641	 3.83	 4
9.641	 4.14	 4
9.650	 4.07	 3
9.659	 5.74	 3
9.667	 4.26	 2
9.667	 5.41	 4
9.670	 3.94	 4
9.673	 3.91	 4
9.675	 3.92	 4
9.675	 4.45	 2
9.677	 4.26	 1
9.682	 3.82	 1
9.685	 5.24	 2
9.694	 4.06	 2
9.696	 3.89	 2
9.701	 4.73	 5
9.701	 4.11	 2
9.705	 5.05	 4
9.711	 4.24	 2
9.719	 3.83	 2
9.721	 5.05	 2
9.723	 3.92	 4
9.725	 3.89	 4
9.734	 3.83	 3
9.735	 4.57	 2
9.743	 4.80	 5
9.745	 4.15	 4
9.757	 3.87	 4
9.761	 4.62	 3
9.767	 4.00	 4
9.767	 4.02	 2
9.769	 4.62	 2
9.776	 4.64	 3
9.780	 4.31	 4
9.785	 4.22	 4
9.801	 3.98	 3
9.811	 5.02	 1
9.812	 3.89	 4
9.815	 3.87	 3
9.816	 5.03	 2
9.837	 4.16	 3
9.837	 4.47	 4
9.838	 4.54	 2
9.851	 3.98	 4
9.854	 4.08	 2
9.862	 4.50	 2
9.864	 5.70	 2
9.865	 5.27	 2
9.882	 3.91	 4
9.883	 3.89	 4
9.883	 3.85	 3
9.905	 4.34	 3
9.915	 4.62	 4
9.921	 4.00	 2
9.922	 3.85	 4
9.937	 4.18	 3
9.940	 4.13	 2
9.973	 5.47	 3
9.975	 3.98	 5
9.977	 4.99	 3
10.007	 4.01	 3
10.018	 4.44	 2
10.020	 4.11	 2
10.021	 3.88	 3
10.036	 4.41	 3
10.047	 4.11	 5
10.076	 5.06	 2
10.079	 4.17	 3
10.082	 4.38	 3
10.098	 4.31	 2
10.100	 4.35	 2
10.119	 4.20	 4
10.129	 3.87	 2
10.143	 4.43	 3
10.159	 4.23	 4
10.170	 3.84	 4
10.186	 4.26	 3
10.199	 5.76	 1
10.205	 4.10	 5
10.216	 3.95	 3
10.217	 4.28	 3
10.220	 5.33	 2
10.222	 4.01	 2
10.227	 4.35	 3
10.238	 4.63	 4
10.240	 3.96	 2
10.250	 4.17	 3
10.251	 4.44	 2
10.251	 5.18	 1
10.263	 3.90	 4
10.271	 4.08	 3
10.272	 3.91	 2
10.277	 4.69	 3
10.282	 4.44	 4
10.283	 3.86	 4
10.288	 3.87	 3
10.290	 5.25	 4
10.309	 4.51	 3
10.320	 4.44	 1
10.325	 4.04	 4
10.350	 5.17	 2
10.358	 5.07	 2
10.360	 4.80	 3
10.366	 4.76	 2
10.386	 4.28	 1
10.392	 3.96	 3
10.393	 4.50	 2
10.399	 5.19	 3
10.399	 4.06	 2
10.399	 4.88	 5
10.402	 4.29	 4
10.435	 3.89	 2
10.467	 4.10	 2
10.486	 4.22	 2
10.490	 4.51	 2
10.494	 3.84	 4
10.501	 4.09	 3
10.501	 3.87	 4
10.504	 3.89	 5
10.504	 5.19	 3
10.504	 4.32	 3
10.511	 3.96	 3
10.526	 4.90	 4
10.566	 4.84	 4
10.569	 4.31	 2
10.570	 3.90	 4
10.580	 4.83	 3
10.585	 4.20	 2
10.594	 4.04	 2
10.602	 4.62	 4
10.611	 4.15	 2
10.623	 4.03	 2
10.624	 4.10	 2
10.665	 4.03	 1
10.666	 7.68	 2
10.668	 4.71	 3
10.668	 7.43	 2
10.669	 3.97	 3
10.669	 5.10	 3
10.670	 3.95	 3
10.671	 3.91	 3
10.671	 4.39	 3
10.673	 3.90	 3
10.673	 4.49	 3
10.675	 5.86	 3
10.676	 4.26	 3
10.677	 4.18	 3
10.678	 3.89	 3
10.678	 3.97	 3
10.678	 3.91	 3
10.680	 5.64	 3
10.680	 4.28	 3
10.680	 3.99	 3
10.681	 4.16	 3
10.681	 4.51	 3
10.681	 3.98	 3
10.682	 4.17	 3
10.682	 4.15	 3
10.682	 4.01	 3
10.682	 4.33	 3
10.683	 4.56	 3
10.683	 3.82	 3
10.684	 3.93	 3
10.685	 4.34	 3
10.686	 4.12	 3
10.687	 4.87	 3
10.687	 4.18	 3
10.688	 4.89	 3
10.688	 5.10	 3
10.688	 4.00	 3
10.688	 3.85	 3
10.689	 3.83	 3
10.689	 3.94	 3
10.690	 3.92	 3
10.691	 5.01	 3
10.693	 5.52	 3
10.693	 4.75	 3
10.694	 3.97	 3
10.694	 5.21	 3
10.695	 3.95	 3
10.696	 4.53	 3
10.696	 4.12	 3
10.697	 4.53	 3
10.697	 3.97	 3
10.697	 3.84	 3
10.699	 3.96	 3
10.699	 3.85	 3
10.699	 4.18	 3
10.700	 4.89	 3
10.700	 4.50	 3
10.700	 3.87	 3
10.703	 3.82	 3
10.703	 5.07	 3
10.704	 3.86	 3
10.705	 4.86	 3
10.705	 4.76	 3
10.706	 3.90	 3
10.706	 3.82	 3
10.707	 4.23	 3
10.708	 4.83	 3
10.708	 4.12	 3
10.709	 3.84	 3
10.710	 4.53	 4
10.711	 4.08	 3
10.711	 4.07	 3
10.712	 4.08	 3
10.712	 4.02	 3
10.713	 5.27	 3
10.715	 4.29	 3
10.716	 4.32	 3
10.716	 4.49	 3
10.716	 4.80	 3
10.716	 3.87	 4
10.717	 4.16	 3
10.717	 4.29	 3
10.717	 5.65	 3
10.720	 4.36	 3
10.720	 4.46	 3
10.721	 3.91	 5
10.725	 3.96	 3
10.727	 4.67	 3
10.729	 4.24	 3
10.729	 4.04	 3
10.729	 3.91	 3
10.729	 4.20	 3
10.733	 3.96	 3
10.735	 4.27	 3
10.735	 4.43	 3
10.735	 4.78	 3
10.736	 3.86	 3
10.737	 3.96	 3
10.737	 3.99	 3
10.737	 4.44	 3
10.738	 4.46	 3
10.738	 4.69	 2
10.738	 4.25	 3
10.741	 4.04	 3
10.742	 5.04	 3
10.743	 5.20	 3
10.743	 4.04	 3
10.744	 3.87	 3
10.745	 4.26	 3
10.746	 4.38	 3
10.748	 4.19	 3
10.749	 4.51	 4
10.750	 4.15	 3
10.750	 3.90	 3
10.750	 4.01	 3
10.753	 4.47	 2
10.754	 4.02	 4
10.757	 4.39	 3
10.758	 4.23	 3
10.760	 4.04	 3
10.761	 3.94	 3
10.762	 4.49	 3
10.762	 4.97	 3
10.763	 4.01	 3
10.763	 4.33	 4
10.763	 4.07	 3
10.764	 4.27	 3
10.764	 4.31	 3
10.768	 5.19	 3
10.768	 3.84	 3
10.771	 5.10	 3
10.771	 4.39	 3
10.772	 3.94	 3
10.772	 3.84	 3
10.774	 4.06	 3
10.774	 4.17	 3
10.777	 4.33	 3
10.778	 3.89	 4
10.779	 4.79	 3
10.781	 4.01	 4
10.784	 4.34	 3
10.785	 3.83	 3
10.787	 4.37	 3
10.787	 4.21	 3
10.789	 4.69	 3
10.790	 4.21	 3
10.790	 3.84	 2
10.790	 3.98	 3
10.791	 3.91	 4
10.794	 4.86	 3
10.798	 3.98	 1
10.799	 3.92	 3
10.803	 3.91	 3
10.803	 4.13	 2
10.803	 4.13	 3
10.806	 4.40	 4
10.808	 3.94	 3
10.810	 4.23	 3
10.810	 4.02	 3
10.811	 4.10	 4
10.812	 4.17	 3
10.812	 4.09	 3
10.812	 3.95	 2
10.813	 4.52	 4
10.814	 4.03	 3
10.815	 4.07	 3
10.816	 4.10	 3
10.818	 4.09	 3
10.820	 4.02	 3
10.824	 3.89	 4
10.824	 4.19	 3
10.824	 3.85	 3
10.826	 4.16	 3
10.828	 5.06	 3
10.829	 4.80	 3
10.829	 4.84	 3
10.833	 4.05	 3
10.834	 4.40	 3
10.835	 3.82	 3
10.837	 5.16	 3
10.838	 3.94	 3
10.839	 4.06	 3
10.840	 4.04	 3
10.841	 4.24	 4
10.842	 3.96	 3
10.843	 3.87	 4
10.844	 3.84	 3
10.845	 3.83	 3
10.847	 4.46	 3
10.848	 5.29	 3
10.850	 4.46	 3
10.850	 4.16	 3
10.850	 3.92	 3
10.851	 4.25	 3
10.853	 4.92	 3
10.859	 4.06	 3
10.860	 3.83	 3
10.862	 4.09	 3
10.864	 3.95	 3
10.865	 4.22	 3
10.866	 3.86	 3
10.866	 4.06	 3
10.867	 6.39	 3
10.867	 5.07	 4
10.867	 3.97	 2
10.868	 5.83	 3
10.869	 4.19	 2
10.870	 4.22	 3
10.876	 3.93	 3
10.877	 4.22	 3
10.882	 3.84	 3
10.883	 3.85	 4
10.885	 3.98	 4
10.887	 3.96	 3
10.887	 4.37	 3
10.888	 3.84	 4
10.889	 3.97	 4
10.889	 3.88	 3
10.889	 3.87	 4
10.891	 3.86	 3
10.893	 3.93	 3
10.895	 4.05	 4
10.897	 4.48	 3
10.898	 3.91	 5
10.899	 3.96	 3
10.900	 5.10	 3
10.902	 4.56	 3
10.903	 4.06	 3
10.904	 4.44	 3
10.905	 4.14	 3
10.908	 4.55	 3
10.916	 3.98	 3
10.918	 4.45	 3
10.920	 4.35	 3
10.920	 3.85	 2
10.920	 5.31	 3
10.921	 3.89	 3
10.921	 4.21	 3
10.923	 4.13	 3
10.925	 4.91	 3
10.925	 4.19	 3
10.927	 4.40	 3
10.928	 4.46	 4
10.928	 3.93	 3
10.928	 3.87	 2
10.929	 4.28	 6
10.931	 4.98	 3
10.932	 3.86	 3
10.934	 5.09	 3
10.934	 4.22	 4
10.935	 4.12	 3
10.936	 4.54	 3
10.937	 3.99	 4
10.937	 3.85	 3
10.937	 4.73	 3
10.937	 4.49	 3
10.941	 4.69	 3
10.942	 3.89	 3
10.943	 4.00	 4
10.945	 3.91	 3
10.946	 4.55	 3
10.947	 5.46	 3
10.947	 4.21	 3
10.948	 4.32	 4
10.948	 4.12	 3
10.950	 4.10	 3
10.956	 3.88	 3
10.959	 4.76	 3
10.959	 4.06	 4
10.959	 3.93	 3
10.961	 4.53	 2
10.963	 4.59	 4
10.964	 4.07	 2
10.964	 4.27	 2
10.966	 4.41	 3
10.966	 3.85	 4
10.971	 4.25	 3
10.971	 4.05	 3
10.977	 4.20	 2
10.977	 3.99	 4
10.980	 4.46	 3
10.980	 3.94	 3
10.983	 4.95	 3
10.991	 4.33	 3
10.991	 3.85	 4
10.992	 4.22	 5
10.994	 3.85	 3
10.996	 4.68	 3
10.999	 4.05	 3
11.002	 3.85	 4
11.002	 3.99	 4
11.003	 4.12	 3
11.007	 3.95	 4
11.009	 4.22	 3
11.011	 4.20	 5
11.017	 4.60	 4
11.019	 4.73	 3
11.019	 4.13	 3
11.019	 4.76	 3
11.020	 4.34	 4
11.021	 4.58	 3
11.021	 4.56	 4
11.024	 4.11	 3
11.024	 4.30	 4
11.026	 4.37	 3
11.026	 3.97	 3
11.033	 3.97	 4
11.034	 4.02	 3
11.038	 3.84	 3
11.043	 4.42	 3
11.045	 3.97	 4
11.046	 5.08	 3
11.048	 3.93	 3
11.048	 3.83	 3
11.049	 4.29	 4
11.053	 3.84	 3
11.055	 4.08	 3
11.056	 4.56	 4
11.057	 4.83	 3
11.059	 4.14	 3
11.059	 4.06	 3
11.059	 4.11	 3
11.061	 3.97	 3
11.062	 4.32	 3
11.067	 5.34	 4
11.068	 3.98	 3
11.070	 4.01	 3
11.071	 4.21	 3
11.071	 4.35	 3
11.075	 5.25	 3
11.079	 4.07	 4
11.081	 3.90	 3
11.086	 3.91	 3
11.090	 3.98	 3
11.096	 3.98	 3
11.111	 4.11	 3
11.111	 3.99	 3
11.112	 4.04	 3
11.114	 5.29	 3
11.115	 4.03	 3
11.119	 4.94	 3
11.121	 4.00	 4
11.123	 4.44	 3
11.124	 4.87	 1
11.131	 3.90	 5
11.135	 3.88	 3
11.137	 4.35	 3
11.139	 4.22	 3
11.140	 3.99	 3
11.140	 4.20	 3
11.143	 5.89	 3
11.147	 4.20	 3
11.159	 4.39	 3
11.161	 4.74	 4
11.161	 3.98	 3
11.164	 4.09	 3
11.165	 4.15	 3
11.167	 3.88	 2
11.171	 4.36	 4
11.179	 4.07	 3
11.191	 4.19	 3
11.193	 4.25	 3
11.195	 4.13	 3
11.196	 4.27	 3
11.199	 3.83	 3
11.202	 4.18	 3
11.203	 4.54	 4
11.206	 4.00	 3
11.206	 5.10	 4
11.207	 3.90	 3
11.209	 4.51	 3
11.214	 4.11	 3
11.215	 3.95	 2
11.223	 4.79	 3
11.229	 3.82	 3
11.229	 4.06	 3
11.238	 3.88	 4
11.240	 4.73	 3
11.242	 4.09	 3
11.243	 4.50	 3
11.246	 4.24	 3
11.249	 3.93	 2
11.249	 5.44	 3
11.251	 3.97	 3
11.252	 4.40	 3
11.257	 4.53	 3
11.258	 3.90	 3
11.259	 4.44	 3
11.261	 5.43	 3
11.266	 4.21	 1
11.266	 4.08	 2
11.267	 3.93	 3
11.269	 4.01	 3
11.271	 4.11	 3
11.273	 4.39	 4
11.276	 3.82	 3
11.277	 3.83	 4
11.278	 3.99	 3
11.278	 3.87	 2
11.281	 3.95	 3
11.282	 4.99	 3
11.284	 3.95	 2
11.298	 4.61	 3
11.303	 3.92	 3
11.304	 4.83	 3
11.307	 3.99	 3
11.310	 4.13	 2
11.317	 4.01	 2
11.319	 3.95	 3
11.319	 3.84	 4
11.322	 4.16	 3
11.325	 3.92	 4
11.327	 3.99	 4
11.333	 3.89	 3
11.335	 4.51	 3
11.335	 4.04	 4
11.337	 4.89	 3
11.337	 3.93	 4
11.341	 4.05	 3
11.342	 4.42	 4
11.343	 4.14	 3
11.346	 4.61	 2
11.358	 4.05	 4
11.358	 4.36	 3
11.358	 5.33	 3
11.361	 5.01	 2
11.365	 4.05	 3
11.367	 4.10	 3
11.373	 4.05	 4
11.373	 4.01	 1
11.375	 4.11	 3
11.376	 4.40	 3
11.378	 3.92	 4
11.379	 3.95	 2
11.381	 3.86	 3
11.385	 3.94	 3
11.385	 4.21	 3
11.386	 4.46	 4
11.391	 5.25	 3
11.394	 4.61	 5
11.396	 4.26	 3
11.402	 3.85	 3
11.406	 4.09	 4
11.407	 4.71	 3
11.409	 4.12	 4
11.411	 3.94	 3
11.411	 4.16	 3
11.413	 4.55	 2
11.416	 4.86	 4
11.417	 4.98	 2
11.418	 4.94	 3
11.421	 3.86	 3
11.425	 4.05	 4
11.426	 4.12	 4
11.428	 3.97	 3
11.428	 3.99	 2
11.432	 3.97	 3
11.432	 3.94	 3
11.437	 4.18	 3
11.437	 4.25	 3
11.438	 3.94	 4
11.439	 3.87	 3
11.441	 4.21	 3
11.442	 3.87	 4
11.453	 4.34	 3
11.456	 3.89	 3
11.457	 3.92	 3
11.459	 5.91	 2
11.460	 4.38	 3
11.462	 4.44	 3
11.464	 3.85	 4
11.471	 4.35	 3
11.479	 4.32	 4
11.482	 4.15	 4
11.482	 4.05	 3
11.483	 4.15	 3
11.483	 3.86	 3
11.484	 4.25	 3
11.485	 4.19	 4
11.488	 3.93	 3
11.489	 3.99	 3
11.490	 3.89	 3
11.490	 4.56	 3
11.490	 4.09	 3
11.496	 4.10	 3
11.500	 4.26	 4
11.501	 3.87	 1
11.502	 4.34	 3
11.503	 4.18	 2
11.506	 4.13	 2
11.510	 4.27	 3
11.516	 4.89	 3
11.516	 4.15	 3
11.517	 4.41	 3
11.518	 4.89	 3
11.527	 3.85	 2
11.534	 4.10	 3
11.538	 4.12	 3
11.540	 4.36	 3
11.542	 4.69	 3
11.542	 4.17	 3
11.543	 3.97	 3
11.554	 4.62	 3
11.558	 4.59	 4
11.560	 4.18	 3
11.561	 3.97	 4
11.573	 3.93	 3
11.575	 4.70	 3
11.575	 4.71	 2
11.579	 4.62	 3
11.579	 4.56	 3
11.581	 4.15	 4
11.583	 3.91	 4
11.584	 4.28	 3
11.584	 4.21	 2
11.595	 4.26	 4
11.595	 3.90	 3
11.600	 4.39	 3
11.601	 4.87	 3
11.601	 4.88	 3
11.603	 4.61	 4
11.607	 4.03	 4
11.607	 4.46	 3
11.613	 4.10	 3
11.614	 4.15	 3
11.617	 3.93	 4
11.619	 4.04	 3
11.622	 4.07	 3
11.635	 3.92	 4
11.637	 3.87	 3
11.646	 3.97	 3
11.650	 4.75	 3
11.665	 4.03	 3
11.671	 3.99	 4
11.671	 3.85	 3
11.689	 4.22	 3
11.694	 3.99	 3
11.694	 3.89	 3
11.695	 4.21	 5
11.695	 4.66	 3
11.710	 4.07	 3
11.712	 4.65	 4
11.717	 4.66	 4
11.722	 3.95	 4
11.725	 5.06	 4
11.726	 4.26	 4
11.737	 4.18	 4
11.737	 4.10	 3
11.742	 4.10	 3
11.754	 4.22	 3
11.757	 3.87	 3
11.759	 4.44	 4
11.765	 3.89	 3
11.767	 3.90	 5
11.775	 4.01	 3
11.776	 3.91	 3
11.779	 4.06	 3
11.784	 3.84	 4
11.784	 4.28	 4
11.790	 4.72	 2
11.790	 4.15	 3
11.791	 4.00	 5
11.793	 3.88	 3
11.798	 3.89	 3
11.826	 4.21	 4
11.830	 4.04	 3
11.831	 4.41	 3
11.838	 4.16	 3
11.839	 4.00	 2
11.846	 4.28	 4
11.846	 4.06	 4
11.846	 4.18	 3
11.849	 5.53	 2
11.853	 4.68	 3
11.857	 3.83	 1
11.857	 3.90	 4
11.865	 4.82	 3
11.877	 4.14	 2
11.879	 4.24	 3
11.883	 4.00	 2
11.888	 4.43	 5
11.896	 4.31	 3
11.896	 4.19	 4
11.899	 4.58	 3
11.908	 4.24	 4
11.928	 3.85	 3
11.931	 4.33	 4
11.932	 3.90	 3
11.934	 3.99	 5
11.942	 4.19	 3
11.946	 4.03	 6
11.947	 4.59	 3
11.949	 4.92	 4
11.954	 4.70	 3
11.963	 3.96	 5
11.966	 4.23	 3
11.979	 3.84	 3
11.982	 3.96	 4
11.987	 6.22	 4
11.991	 4.34	 2
12.005	 4.31	 5
12.012	 4.14	 5
12.019	 4.10	 4
12.023	 3.96	 2
12.025	 4.26	 3
12.027	 4.10	 3
12.032	 4.64	 3
12.043	 3.90	 3
12.044	 3.93	 2
12.046	 5.05	 5
12.053	 4.02	 3
12.056	 4.37	 3
12.060	 3.94	 5
12.071	 4.16	 5
12.073	 4.17	 3
12.078	 4.06	 3
12.087	 4.49	 3
12.098	 3.86	 3
12.103	 3.89	 4
12.103	 3.87	 4
12.108	 4.33	 3
12.117	 3.96	 4
12.119	 3.83	 3
12.126	 3.95	 5
12.131	 4.09	 3
12.137	 4.05	 3
12.137	 3.87	 2
12.138	 3.98	 4
12.151	 4.77	 3
12.152	 3.96	 1
12.153	 4.39	 5
12.156	 4.22	 4
12.157	 3.85	 2
12.158	 4.14	 3
12.162	 4.17	 3
12.164	 3.99	 3
12.167	 4.31	 3
12.168	 4.13	 3
12.170	 3.89	 2
12.172	 3.85	 3
12.176	 3.84	 4
12.201	 3.84	 3
12.219	 5.83	 3
12.228	 3.84	 1
12.232	 3.89	 3
12.239	 4.54	 2
12.239	 4.20	 3
12.247	 4.66	 3
12.254	 3.96	 4
12.254	 4.20	 4
12.258	 4.20	 4
12.271	 4.24	 2
12.276	 4.32	 4
12.279	 4.00	 3
12.279	 4.27	 1
12.285	 4.08	 3
12.288	 3.88	 3
12.293	 4.67	 4
12.304	 3.93	 5
12.304	 3.92	 3
12.309	 3.83	 3
12.322	 3.88	 3
12.333	 4.67	 3
12.344	 4.09	 4
12.368	 5.23	 3
12.370	 3.84	 3
12.379	 3.97	 3
12.380	 4.03	 2
12.381	 4.71	 3
12.388	 5.44	 3
12.391	 4.03	 3
12.402	 3.99	 3
12.405	 4.33	 3
12.421	 4.53	 4
12.431	 3.84	 5
12.446	 4.32	 4
12.448	 4.17	 3
12.448	 5.41	 2
12.456	 4.18	 4
12.462	 4.07	 3
12.475	 4.51	 3
12.479	 4.27	 2
12.481	 4.33	 4
12.498	 4.14	 1
12.505	 4.84	 2
12.507	 4.15	 5
12.514	 4.25	 5
12.525	 4.31	 3
12.526	 4.01	 2
12.529	 5.06	 3
12.537	 4.26	 4
12.541	 3.98	 3
12.543	 5.00	 1
12.550	 4.35	 4
12.559	 4.89	 4
12.560	 4.17	 3
12.561	 4.86	 3
12.562	 3.84	 2
12.568	 3.88	 4
12.572	 4.06	 4
12.577	 4.02	 4
12.577	 3.92	 3
12.582	 3.88	 3
12.587	 3.92	 1
12.608	 3.93	 5
12.610	 4.52	 4
12.613	 4.62	 1
12.617	 3.95	 3
12.621	 4.15	 2
12.623	 4.17	 1
12.658	 4.15	 4
12.658	 3.88	 2
12.659	 4.33	 3
12.662	 3.82	 3
12.663	 3.89	 5
12.698	 4.07	 3
12.701	 5.12	 3
12.716	 4.82	 4
12.727	 3.89	 3
12.737	 3.93	 5
12.770	 4.18	 3
12.782	 3.98	 4
12.798	 4.49	 5
12.802	 3.95	 3
12.805	 4.30	 3
12.808	 4.56	 4
12.835	 4.25	 3
12.844	 4.58	 2
12.852	 4.38	 3
12.858	 3.90	 4
12.863	 4.28	 4
12.879	 4.58	 5
12.885	 5.54	 3
12.890	 4.29	 3
12.898	 4.15	 2
12.899	 3.82	 4
12.913	 3.91	 3
12.922	 3.91	 6
12.946	 4.32	 3
12.950	 3.83	 3
12.972	 3.85	 4
12.972	 4.05	 5
12.979	 4.10	 3
12.984	 3.97	 3
13.001	 4.15	 2
13.007	 4.02	 4
13.008	 5.14	 3
13.019	 4.98	 3
13.024	 3.94	 3
13.026	 5.20	 3
13.032	 4.67	 4
13.046	 3.87	 3
13.049	 4.67	 3
13.081	 4.26	 3
13.084	 3.92	 3
13.095	 4.28	 5
13.104	 4.04	 3
13.112	 4.34	 4
13.138	 4.06	 4
13.150	 3.91	 3
13.158	 4.44	 3
13.163	 3.89	 4
13.167	 3.86	 3
13.168	 4.12	 3
13.177	 4.18	 3
13.182	 4.03	 3
13.185	 3.87	 3
13.203	 4.23	 2
13.208	 3.89	 4
13.218	 3.93	 3
13.236	 5.29	 1
13.239	 5.51	 4
13.251	 4.71	 3
13.254	 4.22	 4
13.276	 3.85	 2
13.291	 3.84	 2
13.300	 4.12	 4
13.311	 3.99	 3
13.337	 4.32	 3
13.351	 4.09	 3
13.360	 4.25	 3
13.382	 3.91	 5
13.385	 4.05	 3
13.389	 3.95	 3
13.391	 4.00	 4
13.408	 3.85	 2
13.409	 3.85	 2
13.411	 4.98	 6
13.420	 4.23	 3
13.424	 4.94	 4
13.436	 4.05	 1
13.437	 4.38	 4
13.440	 5.03	 4
13.459	 5.24	 4
13.468	 4.31	 7
13.481	 5.06	 3
13.482	 4.05	 3
13.503	 3.86	 4
13.506	 4.09	 4
13.564	 4.22	 3
13.589	 4.40	 2
13.591	 4.32	 3
13.597	 4.00	 3
13.601	 3.99	 3
13.605	 3.87	 4
13.609	 4.16	 4
13.616	 3.84	 3
13.621	 4.30	 3
13.635	 3.92	 4
13.636	 4.55	 3
13.641	 4.03	 2
13.650	 4.62	 4
13.667	 3.88	 3
13.668	 4.16	 3
13.674	 3.98	 3
13.683	 3.97	 3
13.695	 3.91	 4
13.720	 3.83	 3
13.735	 5.52	 2
13.751	 3.85	 3
13.764	 4.13	 4
13.765	 3.93	 3
13.796	 3.85	 3
13.801	 4.89	 3
13.803	 3.86	 3
13.813	 3.94	 2
13.816	 3.97	 3
13.817	 4.03	 3
13.827	 4.04	 3
13.836	 4.66	 3
13.855	 5.62	 1
13.857	 4.31	 3
13.878	 4.09	 3
13.880	 4.06	 1
13.887	 4.09	 2
13.914	 4.14	 3
13.925	 4.20	 3
13.930	 3.82	 3
13.945	 4.13	 7
13.984	 3.95	 5
13.989	 5.32	 5
13.996	 3.88	 3
13.999	 3.92	 3
