# Simulation 543
# RelativeTime(days) Magnitude Generation
Time Mag Gen
7.041	 4.25	 1
7.057	 3.95	 1
7.150	 3.88	 1
7.166	 3.95	 1
7.548	 4.03	 1
7.560	 3.86	 1
7.691	 3.96	 1
7.708	 5.34	 1
7.724	 3.86	 2
7.764	 4.36	 2
7.802	 7.98	 1
7.802	 4.06	 2
7.802	 4.32	 2
7.802	 4.12	 2
7.803	 4.17	 2
7.803	 4.07	 2
7.804	 4.01	 2
7.804	 4.00	 2
7.804	 4.08	 2
7.805	 4.19	 2
7.806	 4.19	 2
7.807	 4.16	 2
7.807	 3.88	 2
7.808	 4.00	 2
7.808	 5.22	 2
7.811	 5.84	 2
7.811	 3.91	 2
7.811	 4.46	 2
7.811	 4.23	 2
7.812	 4.02	 2
7.812	 3.83	 2
7.813	 3.83	 2
7.814	 4.19	 2
7.814	 3.85	 2
7.817	 4.07	 2
7.817	 3.94	 2
7.817	 3.95	 2
7.817	 3.92	 2
7.817	 4.01	 2
7.818	 4.12	 2
7.818	 4.30	 2
7.818	 4.42	 2
7.819	 4.21	 2
7.819	 4.36	 2
7.820	 3.93	 2
7.824	 4.52	 2
7.825	 4.31	 2
7.825	 3.95	 2
7.826	 4.67	 2
7.826	 4.45	 2
7.826	 4.06	 2
7.826	 3.86	 2
7.827	 3.95	 2
7.829	 4.20	 2
7.831	 4.29	 2
7.831	 4.27	 2
7.832	 4.06	 2
7.832	 3.86	 2
7.832	 4.50	 2
7.834	 4.43	 2
7.834	 3.88	 2
7.836	 3.83	 2
7.837	 3.92	 2
7.837	 4.12	 2
7.838	 3.84	 2
7.838	 4.70	 2
7.839	 4.10	 2
7.841	 3.90	 2
7.841	 4.07	 2
7.842	 4.24	 2
7.842	 4.41	 2
7.842	 4.28	 2
7.842	 4.01	 2
7.846	 4.28	 2
7.846	 4.56	 2
7.849	 5.27	 2
7.849	 3.88	 2
7.849	 3.91	 2
7.850	 4.08	 2
7.850	 4.21	 2
7.852	 3.86	 2
7.853	 4.09	 2
7.855	 3.97	 2
7.856	 4.08	 2
7.857	 3.98	 2
7.859	 4.31	 2
7.860	 4.41	 2
7.868	 4.25	 2
7.868	 4.52	 2
7.868	 4.12	 2
7.871	 3.96	 1
7.871	 4.04	 2
7.872	 4.03	 2
7.873	 4.04	 2
7.874	 4.59	 2
7.874	 4.00	 2
7.876	 4.14	 2
7.877	 3.88	 2
7.877	 4.11	 2
7.878	 4.41	 2
7.878	 3.88	 2
7.879	 4.46	 2
7.881	 4.08	 2
7.882	 4.10	 2
7.882	 3.83	 2
7.884	 5.23	 2
7.885	 4.37	 2
7.885	 3.83	 2
7.887	 4.18	 1
7.887	 4.21	 2
7.887	 4.33	 2
7.889	 4.54	 2
7.889	 3.98	 2
7.890	 3.86	 2
7.891	 3.86	 2
7.891	 4.12	 2
7.891	 4.49	 2
7.891	 4.17	 2
7.892	 3.93	 2
7.892	 7.02	 2
7.893	 4.29	 2
7.893	 6.52	 2
7.893	 4.38	 2
7.893	 4.52	 2
7.894	 3.86	 2
7.895	 4.38	 2
7.895	 3.90	 2
7.897	 3.89	 2
7.897	 3.89	 2
7.898	 4.18	 3
7.898	 3.88	 3
7.898	 4.02	 2
7.899	 3.90	 3
7.899	 3.91	 2
7.900	 4.17	 2
7.900	 4.07	 3
7.900	 4.05	 2
7.901	 6.21	 2
7.902	 5.34	 2
7.903	 6.38	 2
7.903	 4.58	 3
7.903	 4.94	 2
7.904	 4.75	 3
7.904	 4.81	 2
7.905	 4.78	 2
7.906	 4.11	 2
7.906	 3.93	 3
7.906	 3.95	 2
7.908	 4.21	 2
7.908	 4.00	 2
7.909	 4.09	 2
7.910	 4.87	 2
7.911	 4.38	 2
7.918	 6.40	 2
7.918	 4.45	 3
7.920	 4.44	 2
7.920	 4.18	 2
7.922	 3.95	 2
7.922	 3.95	 2
7.925	 4.90	 3
7.925	 4.32	 2
7.926	 4.14	 3
7.928	 3.83	 2
7.929	 4.26	 3
7.929	 4.19	 2
7.930	 4.00	 2
7.931	 4.12	 2
7.932	 3.85	 2
7.933	 3.83	 2
7.933	 4.06	 2
7.934	 3.96	 2
7.934	 4.60	 3
7.935	 3.97	 2
7.935	 3.85	 2
7.937	 4.26	 2
7.938	 4.19	 2
7.942	 3.99	 2
7.942	 4.41	 2
7.943	 4.15	 2
7.944	 4.37	 2
7.945	 4.29	 2
7.945	 4.03	 2
7.946	 4.02	 2
7.947	 4.23	 2
7.947	 3.99	 2
7.947	 3.92	 2
7.948	 3.85	 2
7.948	 4.02	 2
7.950	 3.84	 2
7.951	 4.41	 3
7.952	 3.95	 2
7.952	 3.89	 2
7.955	 3.86	 3
7.955	 4.06	 2
7.956	 3.84	 2
7.957	 4.04	 2
7.957	 4.23	 2
7.958	 4.72	 2
7.958	 4.11	 3
7.958	 4.22	 2
7.958	 4.87	 2
7.959	 4.18	 3
7.960	 4.50	 2
7.961	 4.07	 3
7.963	 3.99	 2
7.964	 3.99	 3
7.964	 4.60	 2
7.964	 4.33	 2
7.964	 4.09	 2
7.964	 4.08	 2
7.964	 4.14	 3
7.964	 4.32	 3
7.964	 3.97	 4
7.965	 4.43	 3
7.965	 3.96	 2
7.969	 4.39	 3
7.969	 4.37	 3
7.970	 3.85	 3
7.972	 3.86	 3
7.973	 4.34	 3
7.973	 3.82	 3
7.975	 4.06	 2
7.976	 4.24	 2
7.978	 3.84	 3
7.979	 4.05	 3
7.979	 4.32	 2
7.984	 3.94	 3
7.985	 4.00	 3
7.986	 4.56	 2
7.986	 3.85	 3
7.987	 3.98	 3
7.988	 4.05	 2
7.993	 3.83	 2
7.995	 4.53	 2
7.995	 3.87	 2
7.995	 4.77	 2
7.996	 4.18	 3
7.999	 3.93	 2
7.999	 3.84	 2
7.999	 4.92	 1
8.001	 4.64	 3
8.002	 3.98	 2
8.002	 4.12	 2
8.003	 4.30	 2
8.005	 3.84	 3
8.007	 4.53	 2
8.007	 3.89	 2
8.009	 3.94	 2
8.010	 4.76	 3
8.013	 4.17	 2
8.014	 4.61	 3
8.015	 3.83	 2
8.019	 4.08	 2
8.020	 4.39	 3
8.021	 4.45	 2
8.027	 3.93	 2
8.027	 3.93	 3
8.028	 3.99	 2
8.029	 3.88	 2
8.036	 3.96	 2
8.036	 5.19	 3
8.041	 3.86	 2
8.043	 4.02	 2
8.043	 4.90	 3
8.044	 3.96	 2
8.045	 4.12	 3
8.046	 4.01	 3
8.049	 3.82	 3
8.051	 4.47	 2
8.054	 4.17	 3
8.057	 4.81	 2
8.058	 3.85	 3
8.059	 4.06	 2
8.060	 4.17	 4
8.064	 4.68	 2
8.064	 3.96	 2
8.067	 3.96	 2
8.068	 4.74	 2
8.069	 4.63	 2
8.071	 3.88	 3
8.072	 3.95	 2
8.073	 4.10	 2
8.074	 4.69	 3
8.074	 3.84	 2
8.075	 3.89	 2
8.076	 3.91	 3
8.078	 3.87	 3
8.079	 3.99	 2
8.080	 4.60	 2
8.081	 3.95	 2
8.083	 4.50	 3
8.084	 3.94	 3
8.084	 5.01	 3
8.091	 3.98	 2
8.091	 4.08	 2
8.091	 3.92	 2
8.093	 4.65	 3
8.093	 4.42	 2
8.093	 3.87	 2
8.094	 4.04	 3
8.094	 7.00	 3
8.095	 4.02	 3
8.096	 3.84	 2
8.096	 4.44	 2
8.097	 4.60	 4
8.097	 4.67	 2
8.097	 4.00	 2
8.098	 3.88	 2
8.099	 4.98	 2
8.101	 3.84	 4
8.103	 4.06	 1
8.105	 4.05	 2
8.106	 4.39	 2
8.107	 4.02	 2
8.108	 4.16	 2
8.108	 4.20	 4
8.114	 4.27	 3
8.115	 4.67	 4
8.118	 4.76	 3
8.119	 3.95	 2
8.119	 3.86	 4
8.120	 4.30	 3
8.124	 4.75	 2
8.124	 4.34	 4
8.126	 4.33	 4
8.126	 3.99	 2
8.128	 3.84	 4
8.129	 3.95	 2
8.131	 3.82	 2
8.133	 3.86	 4
8.133	 3.99	 3
8.134	 4.26	 2
8.135	 4.61	 1
8.138	 4.16	 2
8.138	 4.55	 2
8.139	 4.71	 4
8.142	 3.95	 3
8.142	 3.86	 2
8.142	 4.25	 3
8.145	 4.11	 4
8.151	 5.49	 2
8.152	 3.84	 3
8.156	 3.85	 2
8.160	 3.87	 2
8.160	 3.94	 2
8.161	 4.57	 2
8.162	 4.53	 4
8.164	 4.52	 3
8.172	 5.12	 2
8.172	 5.25	 3
8.173	 4.03	 4
8.178	 3.92	 2
8.179	 3.88	 3
8.181	 4.02	 4
8.182	 3.90	 3
8.184	 4.03	 3
8.184	 3.89	 2
8.184	 4.89	 4
8.188	 5.84	 4
8.189	 4.13	 4
8.189	 3.89	 2
8.190	 3.89	 2
8.194	 3.93	 2
8.197	 4.37	 2
8.198	 3.95	 3
8.199	 4.00	 2
8.199	 3.99	 3
8.199	 3.92	 2
8.201	 3.88	 2
8.202	 4.08	 4
8.203	 5.08	 2
8.205	 3.91	 4
8.207	 4.33	 2
8.207	 3.87	 2
8.214	 3.95	 2
8.215	 3.99	 3
8.216	 4.52	 3
8.219	 3.92	 2
8.220	 4.22	 4
8.224	 4.02	 3
8.225	 4.08	 2
8.225	 4.94	 4
8.229	 4.19	 5
8.230	 4.14	 2
8.232	 4.71	 3
8.234	 4.24	 2
8.235	 4.08	 5
8.237	 4.75	 2
8.237	 3.82	 2
8.239	 3.91	 2
8.239	 5.51	 1
8.241	 3.96	 2
8.242	 3.97	 2
8.242	 4.52	 2
8.249	 4.66	 2
8.253	 3.96	 5
8.254	 4.30	 5
8.255	 4.08	 2
8.256	 4.34	 4
8.256	 3.91	 2
8.257	 3.98	 4
8.257	 4.30	 2
8.263	 4.18	 2
8.264	 3.93	 2
8.265	 3.90	 3
8.271	 4.36	 2
8.274	 4.03	 2
8.276	 3.91	 2
8.278	 4.67	 4
8.280	 4.35	 4
8.286	 4.13	 2
8.292	 4.85	 2
8.293	 3.96	 3
8.298	 3.93	 2
8.302	 4.61	 2
8.302	 4.17	 4
8.309	 4.49	 2
8.317	 4.09	 2
8.320	 4.05	 3
8.321	 4.44	 2
8.326	 4.11	 3
8.329	 4.43	 3
8.329	 4.86	 3
8.334	 3.93	 6
8.334	 4.62	 2
8.341	 4.29	 4
8.347	 3.97	 3
8.350	 4.15	 3
8.350	 4.78	 4
8.351	 4.69	 2
8.352	 3.84	 2
8.357	 4.06	 2
8.359	 3.92	 4
8.359	 4.12	 2
8.360	 4.10	 4
8.363	 4.17	 2
8.366	 4.22	 2
8.368	 3.97	 2
8.369	 4.28	 2
8.373	 4.03	 2
8.374	 3.94	 2
8.374	 3.93	 2
8.375	 4.06	 2
8.377	 3.89	 2
8.378	 3.94	 3
8.379	 3.86	 2
8.379	 4.30	 2
8.382	 4.82	 4
8.383	 3.85	 3
8.384	 3.95	 3
8.386	 3.93	 2
8.387	 5.01	 3
8.387	 3.95	 3
8.387	 4.05	 2
8.391	 3.94	 2
8.393	 3.96	 3
8.394	 3.82	 2
8.396	 3.96	 3
8.396	 4.23	 2
8.397	 4.13	 3
8.398	 3.94	 2
8.398	 3.90	 2
8.400	 3.98	 2
8.401	 4.06	 2
8.405	 3.92	 4
8.413	 5.02	 2
8.425	 3.92	 2
8.427	 4.15	 2
8.431	 4.89	 2
8.433	 4.06	 2
8.434	 5.31	 2
8.435	 5.86	 2
8.443	 4.21	 2
8.445	 3.85	 2
8.448	 4.90	 2
8.451	 3.87	 1
8.453	 3.96	 3
8.454	 3.87	 2
8.455	 4.18	 2
8.455	 4.71	 2
8.460	 4.06	 3
8.460	 3.87	 3
8.461	 4.11	 5
8.463	 3.88	 3
8.467	 4.44	 3
8.468	 4.38	 2
8.474	 3.94	 2
8.475	 4.71	 5
8.478	 3.87	 4
8.478	 4.71	 2
8.480	 4.36	 2
8.482	 4.58	 2
8.484	 3.88	 4
8.491	 4.55	 4
8.500	 4.11	 2
8.502	 4.18	 6
8.502	 4.09	 2
8.503	 4.36	 2
8.504	 4.12	 4
8.505	 4.29	 2
8.507	 4.17	 3
8.512	 3.98	 2
8.513	 3.82	 4
8.518	 4.19	 2
8.518	 4.39	 2
8.525	 4.66	 2
8.527	 5.45	 2
8.537	 4.14	 1
8.538	 3.98	 2
8.539	 4.03	 1
8.541	 4.04	 4
8.541	 4.25	 2
8.547	 4.15	 3
8.549	 3.89	 4
8.550	 4.14	 3
8.557	 4.27	 2
8.568	 4.07	 3
8.570	 4.26	 3
8.571	 3.93	 4
8.583	 3.90	 2
8.596	 4.25	 4
8.597	 3.90	 4
8.604	 4.10	 4
8.609	 3.85	 2
8.612	 4.06	 2
8.618	 3.90	 3
8.623	 3.84	 2
8.623	 4.02	 2
8.628	 4.43	 3
8.638	 4.05	 2
8.639	 3.99	 2
8.650	 5.09	 2
8.652	 3.91	 2
8.655	 4.26	 4
8.655	 4.48	 2
8.664	 3.85	 3
8.669	 4.15	 2
8.671	 4.56	 2
8.681	 4.15	 3
8.688	 4.38	 2
8.689	 4.19	 4
8.693	 3.87	 2
8.694	 4.25	 4
8.696	 3.91	 2
8.705	 3.83	 2
8.708	 4.15	 3
8.712	 4.15	 1
8.714	 3.87	 2
8.716	 4.27	 3
8.717	 4.54	 3
8.718	 4.41	 4
8.722	 4.07	 3
8.724	 4.50	 6
8.729	 3.91	 3
8.731	 4.12	 2
8.732	 3.93	 2
8.735	 3.98	 4
8.736	 4.37	 2
8.737	 3.92	 4
8.737	 5.67	 1
8.741	 4.00	 3
8.746	 4.35	 2
8.746	 4.00	 2
8.753	 3.89	 2
8.757	 4.30	 2
8.762	 3.99	 3
8.769	 4.69	 3
8.775	 3.97	 3
8.777	 5.89	 1
8.779	 3.96	 2
8.783	 4.37	 3
8.786	 4.01	 2
8.789	 4.07	 2
8.792	 3.86	 5
8.793	 4.01	 2
8.795	 4.14	 3
8.795	 3.86	 4
8.806	 4.11	 3
8.807	 4.02	 5
8.814	 4.15	 2
8.824	 4.10	 3
8.829	 4.82	 2
8.841	 4.21	 3
8.848	 5.23	 2
8.858	 3.83	 2
8.865	 4.18	 2
8.869	 4.00	 2
8.876	 3.98	 2
8.879	 4.67	 2
8.885	 4.34	 3
8.887	 4.21	 2
8.900	 3.93	 2
8.900	 4.36	 2
8.901	 3.83	 2
8.909	 4.94	 2
8.911	 4.30	 3
8.917	 3.84	 3
8.921	 3.85	 3
8.929	 4.09	 4
8.937	 4.89	 2
8.940	 3.97	 2
8.941	 4.44	 2
8.942	 3.86	 2
8.953	 4.23	 3
8.955	 4.21	 2
8.958	 4.03	 4
8.960	 4.06	 2
8.968	 4.00	 2
8.974	 4.28	 5
8.978	 4.46	 2
8.981	 4.35	 2
8.983	 4.20	 2
8.984	 4.04	 2
8.991	 4.80	 2
9.001	 4.51	 5
9.005	 3.94	 3
9.007	 3.96	 3
9.013	 3.84	 2
9.020	 4.76	 2
9.022	 5.15	 2
9.025	 3.89	 2
9.034	 3.93	 2
9.037	 3.96	 2
9.043	 4.26	 2
9.045	 4.11	 4
9.047	 3.90	 2
9.049	 4.01	 3
9.051	 3.85	 2
9.058	 3.86	 2
9.058	 4.49	 2
9.064	 4.12	 3
9.067	 4.43	 2
9.072	 3.95	 2
9.074	 3.92	 3
9.074	 3.82	 2
9.082	 4.09	 2
9.086	 4.74	 4
9.092	 4.79	 4
9.101	 3.87	 4
9.106	 4.01	 2
9.108	 3.99	 3
9.109	 5.07	 1
9.115	 3.96	 2
9.115	 4.34	 2
9.120	 4.75	 2
9.121	 4.52	 2
9.126	 3.96	 4
9.128	 4.24	 2
9.134	 4.44	 3
9.135	 3.99	 2
9.140	 4.02	 3
9.141	 3.86	 2
9.147	 4.17	 2
9.152	 5.43	 2
9.158	 4.04	 3
9.159	 4.60	 3
9.165	 4.13	 2
9.174	 4.00	 4
9.184	 5.07	 5
9.185	 3.84	 2
9.187	 4.22	 6
9.187	 3.93	 2
9.197	 6.18	 2
9.199	 3.85	 2
9.208	 3.85	 3
9.213	 4.31	 6
9.215	 3.83	 3
9.220	 6.07	 4
9.232	 4.16	 2
9.238	 5.41	 2
9.239	 3.87	 3
9.245	 3.83	 2
9.254	 4.09	 4
9.264	 4.00	 3
9.270	 4.00	 2
9.273	 3.98	 2
9.277	 4.06	 2
9.279	 4.08	 2
9.286	 3.93	 2
9.295	 4.24	 5
9.303	 3.89	 2
9.305	 4.21	 3
9.306	 3.83	 4
9.307	 3.84	 2
9.313	 4.82	 2
9.316	 4.18	 2
9.317	 4.05	 2
9.343	 5.12	 3
9.345	 5.35	 3
9.356	 4.34	 2
9.360	 4.20	 4
9.361	 4.44	 2
9.366	 4.48	 2
9.367	 4.05	 4
9.374	 5.14	 3
9.374	 4.34	 3
9.375	 3.96	 3
9.375	 3.85	 2
9.378	 4.34	 2
9.382	 3.91	 3
9.382	 4.23	 2
9.389	 4.16	 2
9.391	 5.07	 3
9.392	 4.07	 3
9.394	 3.94	 4
9.409	 4.00	 3
9.437	 4.08	 2
9.438	 3.84	 3
9.441	 4.74	 2
9.449	 4.04	 2
9.454	 5.34	 2
9.456	 4.25	 4
9.460	 4.28	 4
9.461	 4.82	 4
9.466	 3.86	 2
9.468	 4.40	 3
9.474	 4.10	 2
9.511	 4.30	 2
9.531	 5.07	 2
9.537	 3.90	 3
9.551	 4.10	 2
9.564	 4.29	 2
9.564	 4.27	 3
9.594	 4.82	 5
9.597	 4.02	 2
9.607	 4.39	 4
9.610	 4.15	 2
9.612	 4.09	 3
9.615	 3.92	 2
9.618	 4.18	 4
9.642	 3.91	 2
9.679	 4.64	 2
9.689	 4.05	 2
9.696	 5.37	 2
9.710	 3.92	 3
9.728	 4.08	 4
9.729	 3.87	 5
9.731	 4.24	 7
9.736	 3.94	 1
9.746	 4.07	 1
9.750	 4.14	 2
9.750	 4.85	 2
9.753	 4.21	 2
9.756	 3.86	 3
9.757	 4.11	 2
9.757	 3.84	 2
9.783	 4.30	 3
9.809	 5.65	 5
9.810	 4.64	 2
9.819	 4.06	 3
9.823	 4.08	 2
9.831	 4.16	 2
9.842	 4.87	 3
9.849	 4.07	 2
9.855	 4.95	 2
9.859	 3.95	 1
9.874	 4.22	 3
9.876	 5.05	 2
9.883	 5.10	 3
9.904	 5.03	 4
9.910	 4.12	 2
9.911	 3.83	 3
9.911	 4.24	 3
9.930	 3.90	 2
9.931	 4.34	 3
9.936	 3.86	 2
9.938	 3.94	 3
9.938	 3.86	 4
9.948	 4.02	 2
9.950	 4.45	 5
9.983	 4.18	 4
10.007	 4.67	 3
10.011	 4.99	 4
10.013	 4.05	 4
10.015	 4.08	 4
10.015	 4.10	 3
10.020	 3.88	 4
10.025	 4.87	 2
10.028	 3.91	 2
10.033	 4.75	 1
10.042	 3.95	 2
10.065	 3.89	 3
10.067	 4.05	 3
10.077	 4.18	 2
10.079	 4.79	 4
10.089	 3.89	 4
10.098	 3.98	 2
10.114	 3.84	 2
10.145	 3.84	 6
10.145	 4.35	 2
10.158	 4.36	 4
10.174	 3.87	 2
10.182	 4.07	 2
10.185	 3.90	 2
10.186	 4.20	 3
10.192	 3.92	 4
10.198	 4.76	 2
10.212	 4.29	 2
10.221	 4.46	 2
10.224	 4.10	 3
10.229	 3.97	 5
10.236	 4.42	 2
10.238	 3.99	 5
10.263	 4.50	 3
10.268	 3.84	 4
10.276	 3.87	 4
10.300	 3.91	 2
10.301	 4.60	 2
10.320	 3.85	 2
10.320	 3.88	 2
10.328	 3.86	 2
10.333	 3.89	 2
10.336	 4.16	 2
10.339	 3.91	 5
10.347	 4.04	 2
10.347	 4.68	 3
10.373	 5.07	 4
10.376	 4.46	 5
10.392	 3.89	 3
10.397	 3.99	 4
10.413	 4.38	 3
10.417	 4.47	 2
10.437	 3.96	 2
10.439	 3.95	 3
10.447	 5.02	 2
10.448	 4.27	 2
10.462	 4.13	 2
10.466	 4.01	 2
10.488	 3.99	 3
10.495	 4.23	 3
10.497	 4.13	 3
10.506	 3.84	 4
10.517	 4.12	 2
10.519	 4.01	 2
10.535	 3.95	 4
10.550	 4.33	 5
10.551	 4.17	 2
10.554	 3.96	 3
10.556	 4.76	 2
10.565	 4.25	 2
10.565	 4.46	 4
10.578	 4.80	 3
10.585	 3.97	 3
10.588	 4.10	 1
10.612	 4.20	 2
10.615	 4.45	 3
10.622	 3.93	 3
10.630	 3.92	 6
10.652	 4.20	 3
10.656	 4.07	 2
10.665	 4.53	 2
10.665	 5.22	 4
10.669	 4.08	 3
10.669	 4.00	 3
10.693	 4.62	 2
10.700	 4.17	 3
10.701	 4.58	 2
10.715	 3.94	 2
10.742	 4.05	 4
10.742	 3.95	 3
10.747	 3.90	 2
10.747	 4.13	 3
10.752	 5.17	 6
10.757	 3.98	 3
10.774	 3.90	 3
10.784	 4.35	 3
10.802	 3.94	 2
10.807	 4.48	 4
10.826	 4.29	 3
10.827	 3.91	 5
10.834	 3.90	 3
10.852	 3.83	 3
10.863	 6.94	 3
10.866	 4.32	 4
10.871	 3.83	 4
10.874	 3.90	 4
10.874	 3.98	 2
10.879	 4.40	 4
10.885	 4.12	 4
10.895	 4.45	 4
10.896	 5.14	 2
10.903	 3.90	 4
10.905	 3.91	 4
10.913	 4.22	 4
10.918	 3.97	 3
10.918	 4.79	 4
10.919	 3.93	 4
10.919	 4.08	 1
10.929	 4.31	 4
10.931	 4.41	 3
10.936	 4.33	 3
10.939	 4.05	 4
10.945	 4.05	 4
10.960	 4.13	 4
10.978	 4.28	 4
10.994	 4.11	 2
10.999	 4.77	 4
11.012	 4.12	 2
11.018	 3.95	 2
11.019	 4.09	 4
11.019	 3.86	 3
11.021	 4.26	 4
11.032	 4.47	 4
11.034	 5.52	 2
11.040	 4.00	 4
11.069	 3.88	 4
11.104	 3.84	 2
11.104	 4.29	 4
11.109	 3.99	 2
11.137	 4.00	 4
11.153	 3.85	 1
11.165	 3.94	 5
11.177	 3.93	 2
11.188	 3.95	 3
11.195	 4.11	 4
11.197	 4.45	 2
11.200	 4.60	 2
11.204	 5.92	 4
11.231	 4.17	 4
11.249	 4.16	 4
11.254	 4.58	 2
11.268	 4.39	 4
11.279	 3.99	 5
11.288	 4.20	 4
11.297	 3.90	 3
11.316	 4.50	 3
11.317	 4.22	 3
11.340	 4.02	 4
11.341	 3.89	 5
11.341	 3.86	 1
11.366	 4.89	 2
11.371	 3.87	 3
11.377	 4.00	 2
11.379	 5.20	 4
11.382	 3.93	 3
11.383	 4.35	 4
11.393	 4.36	 3
11.396	 4.61	 4
11.407	 4.41	 4
11.411	 3.87	 2
11.412	 4.27	 2
11.430	 4.21	 2
11.442	 3.89	 3
11.446	 4.07	 4
11.454	 4.20	 4
11.455	 3.84	 4
11.456	 4.47	 5
11.468	 4.64	 4
11.478	 4.55	 4
11.482	 3.96	 2
11.485	 3.91	 2
11.485	 3.87	 1
11.506	 5.23	 2
11.508	 3.89	 4
11.524	 4.29	 2
11.525	 4.25	 3
11.525	 3.88	 3
11.528	 4.68	 3
11.546	 3.82	 2
11.565	 4.38	 5
11.571	 4.13	 2
11.574	 5.84	 2
11.577	 4.26	 4
11.577	 4.40	 2
11.601	 4.18	 1
11.605	 4.64	 2
11.611	 3.90	 6
11.641	 4.81	 4
11.641	 3.90	 4
11.649	 5.90	 2
11.651	 4.41	 2
11.659	 4.23	 3
11.667	 4.09	 4
11.670	 4.21	 3
11.671	 4.15	 4
11.678	 4.97	 2
11.690	 4.55	 3
11.691	 5.24	 4
11.695	 3.91	 3
11.699	 3.90	 3
11.704	 4.04	 2
11.711	 4.03	 3
11.714	 3.96	 3
11.715	 4.04	 3
11.720	 4.41	 4
11.731	 4.80	 5
11.741	 4.57	 4
11.748	 4.25	 2
11.755	 4.12	 5
11.756	 6.55	 3
11.759	 4.04	 4
11.761	 4.15	 4
11.762	 3.97	 2
11.770	 4.06	 2
11.771	 4.27	 3
11.772	 3.98	 5
11.784	 4.05	 3
11.797	 3.96	 3
11.804	 4.66	 4
11.820	 4.92	 1
11.833	 4.38	 4
11.845	 4.09	 4
11.845	 4.06	 4
11.846	 4.11	 2
11.872	 4.13	 2
11.876	 4.40	 3
11.878	 5.02	 4
11.887	 4.57	 2
11.890	 4.92	 4
11.898	 4.11	 3
11.904	 3.95	 4
11.906	 4.20	 4
11.916	 4.19	 4
11.917	 5.02	 4
11.926	 4.25	 6
11.930	 4.27	 5
11.932	 5.02	 2
11.936	 4.13	 4
11.936	 4.05	 3
11.950	 3.87	 1
11.950	 3.86	 5
11.959	 3.83	 5
11.960	 3.85	 2
11.969	 4.48	 4
11.970	 4.05	 2
11.976	 4.24	 3
12.011	 3.97	 4
12.011	 4.22	 3
12.012	 4.03	 5
12.019	 3.86	 3
12.034	 4.09	 2
12.054	 4.72	 3
12.057	 4.29	 3
12.068	 3.95	 4
12.069	 4.18	 4
12.076	 3.88	 3
12.096	 5.46	 2
12.109	 3.96	 2
12.115	 4.39	 2
12.116	 4.22	 3
12.118	 4.65	 2
12.124	 4.49	 4
12.131	 3.94	 2
12.135	 4.51	 2
12.138	 3.94	 2
12.139	 4.87	 3
12.141	 4.22	 4
12.141	 4.42	 4
12.146	 3.83	 4
12.149	 4.05	 3
12.150	 4.12	 6
12.164	 4.31	 4
12.165	 4.38	 4
12.175	 3.88	 3
12.184	 4.68	 1
12.190	 5.35	 3
12.202	 3.85	 2
12.221	 4.13	 2
12.225	 3.86	 1
12.298	 4.65	 2
12.299	 4.02	 2
12.301	 4.02	 4
12.306	 4.03	 2
12.326	 4.66	 4
12.331	 4.91	 3
12.353	 3.99	 3
12.358	 4.05	 4
12.363	 5.40	 2
12.371	 4.19	 5
12.402	 3.89	 2
12.411	 4.03	 4
12.418	 4.03	 3
12.422	 3.89	 2
12.440	 4.08	 2
12.447	 3.99	 2
12.471	 4.00	 3
12.493	 4.21	 4
12.496	 4.02	 3
12.501	 4.42	 2
12.503	 4.15	 2
12.506	 4.32	 2
12.509	 4.17	 4
12.513	 4.34	 2
12.517	 4.01	 4
12.517	 3.92	 3
12.521	 4.27	 3
12.523	 4.70	 6
12.542	 4.12	 2
12.563	 4.17	 2
12.567	 4.21	 4
12.569	 3.82	 3
12.581	 4.02	 2
12.590	 4.54	 2
12.601	 3.83	 4
12.603	 4.02	 2
12.610	 3.90	 4
12.628	 3.88	 3
12.649	 3.84	 3
12.650	 4.27	 2
12.692	 3.85	 2
12.699	 3.99	 2
12.704	 4.06	 3
12.708	 3.90	 4
12.726	 4.28	 3
12.727	 4.10	 3
12.741	 3.97	 3
12.777	 3.82	 4
12.817	 3.96	 4
12.833	 4.31	 4
12.844	 4.13	 2
12.845	 4.17	 3
12.864	 4.10	 4
12.867	 3.86	 2
12.876	 4.61	 4
12.879	 3.99	 5
12.927	 3.93	 4
12.941	 4.07	 4
12.947	 3.96	 2
13.005	 4.52	 4
13.054	 4.60	 4
13.071	 4.40	 3
13.080	 4.04	 7
13.086	 3.96	 5
13.096	 4.26	 3
13.119	 4.02	 2
13.124	 4.16	 1
13.156	 4.10	 4
13.165	 4.64	 4
13.165	 4.25	 5
13.170	 4.71	 3
13.182	 3.92	 2
13.193	 4.50	 2
13.205	 4.68	 3
13.215	 4.05	 3
13.254	 4.03	 4
13.256	 4.52	 3
13.298	 6.34	 4
13.302	 4.72	 5
13.313	 5.22	 5
13.317	 4.38	 5
13.326	 4.33	 4
13.333	 4.54	 4
13.339	 3.93	 3
13.342	 5.37	 5
13.354	 4.60	 2
13.360	 4.77	 6
13.366	 4.15	 4
13.369	 5.48	 3
13.373	 4.02	 5
13.380	 4.03	 4
13.405	 4.26	 2
13.411	 5.86	 5
13.418	 4.03	 2
13.429	 5.45	 1
13.445	 4.32	 2
13.445	 4.07	 2
13.446	 3.90	 2
13.452	 4.17	 5
13.456	 3.95	 4
13.461	 4.15	 5
13.464	 4.47	 2
13.469	 3.92	 4
13.472	 3.87	 5
13.474	 4.63	 2
13.478	 4.01	 6
13.485	 4.69	 5
13.490	 4.59	 5
13.518	 4.20	 5
13.525	 4.29	 3
13.542	 5.74	 2
13.545	 3.87	 5
13.546	 4.72	 3
13.550	 4.17	 5
13.553	 5.34	 2
13.553	 3.97	 2
13.553	 4.21	 3
13.563	 3.84	 4
13.565	 3.87	 4
13.569	 3.98	 3
13.589	 3.87	 3
13.590	 4.22	 5
13.610	 5.55	 4
13.614	 4.53	 4
13.618	 4.28	 2
13.620	 3.92	 5
13.620	 3.86	 3
13.629	 3.89	 2
13.639	 4.06	 2
13.639	 3.82	 4
13.658	 3.91	 2
13.658	 3.86	 3
13.668	 3.93	 2
13.690	 5.18	 5
13.692	 3.88	 5
13.700	 4.02	 4
13.721	 4.66	 2
13.740	 4.37	 3
13.746	 4.29	 5
13.752	 3.91	 5
13.765	 4.11	 3
13.801	 4.27	 2
13.821	 4.40	 2
13.838	 3.82	 2
13.855	 4.02	 5
13.879	 4.30	 3
13.890	 3.96	 3
13.891	 4.15	 3
13.918	 4.66	 4
13.926	 4.13	 5
13.944	 4.15	 6
13.966	 4.47	 3
13.971	 4.26	 3
13.972	 4.08	 2
13.973	 4.00	 3
13.978	 3.97	 2
13.980	 3.92	 2
13.984	 4.36	 3
13.993	 4.29	 5
