# Simulation 623
# RelativeTime(days) Magnitude Generation
Time Mag Gen
7.079	 4.82	 1
7.219	 3.97	 1
7.350	 3.97	 1
7.467	 3.92	 1
7.665	 4.80	 1
7.747	 3.85	 1
7.797	 4.59	 1
7.852	 4.48	 1
7.913	 4.84	 1
8.009	 4.24	 1
8.023	 3.86	 1
8.092	 4.70	 2
8.154	 3.85	 1
8.200	 3.96	 1
8.274	 4.28	 1
8.300	 4.09	 1
8.375	 3.90	 1
8.619	 4.25	 1
8.783	 3.94	 1
8.802	 4.10	 1
8.954	 5.79	 1
8.963	 7.76	 1
8.964	 3.92	 2
8.965	 4.06	 2
8.965	 3.86	 2
8.965	 3.88	 2
8.969	 4.00	 2
8.969	 3.84	 2
8.970	 4.15	 2
8.972	 3.86	 2
8.973	 4.05	 2
8.973	 4.11	 2
8.974	 4.07	 2
8.976	 4.58	 1
8.978	 4.04	 2
8.979	 3.92	 2
8.980	 4.37	 2
8.986	 4.16	 2
8.986	 4.65	 2
8.987	 4.53	 2
8.988	 4.62	 2
8.989	 4.12	 2
8.990	 4.75	 2
8.991	 3.89	 2
8.992	 5.11	 2
8.993	 4.16	 2
8.994	 4.46	 2
8.995	 4.25	 2
8.995	 4.13	 2
8.997	 3.96	 2
8.999	 4.55	 2
9.001	 4.64	 2
9.001	 5.01	 2
9.002	 3.92	 2
9.002	 4.88	 2
9.003	 4.74	 2
9.004	 4.07	 3
9.004	 4.27	 2
9.006	 4.85	 2
9.006	 3.86	 2
9.007	 3.89	 2
9.008	 4.56	 2
9.009	 4.19	 2
9.010	 3.91	 2
9.010	 4.43	 2
9.010	 4.86	 2
9.012	 3.86	 2
9.015	 5.15	 2
9.015	 3.85	 2
9.016	 3.99	 2
9.018	 4.04	 2
9.018	 4.01	 2
9.021	 4.18	 2
9.022	 4.07	 2
9.023	 4.06	 2
9.024	 4.09	 2
9.026	 5.11	 2
9.027	 4.84	 2
9.027	 3.96	 2
9.028	 5.06	 2
9.028	 4.22	 2
9.029	 4.52	 2
9.029	 4.63	 2
9.032	 4.20	 2
9.032	 3.99	 2
9.032	 3.96	 2
9.033	 4.19	 2
9.034	 4.26	 2
9.035	 4.01	 2
9.037	 4.95	 2
9.039	 5.00	 2
9.039	 4.63	 2
9.041	 5.01	 2
9.041	 4.02	 2
9.042	 3.91	 2
9.044	 4.73	 2
9.044	 4.50	 2
9.045	 6.49	 2
9.045	 4.06	 2
9.046	 4.23	 2
9.048	 5.33	 2
9.049	 4.68	 2
9.051	 3.95	 2
9.051	 4.23	 2
9.052	 4.16	 2
9.052	 4.01	 2
9.052	 4.07	 2
9.054	 4.28	 2
9.054	 4.40	 2
9.054	 3.89	 2
9.058	 4.31	 2
9.061	 4.15	 2
9.063	 4.27	 2
9.065	 4.60	 2
9.066	 4.42	 2
9.072	 4.19	 2
9.073	 3.95	 2
9.075	 4.44	 2
9.077	 5.17	 2
9.078	 3.94	 2
9.079	 3.91	 2
9.080	 4.66	 2
9.084	 4.15	 2
9.084	 3.98	 2
9.085	 3.83	 2
9.086	 4.84	 3
9.087	 4.58	 2
9.088	 3.90	 2
9.089	 4.18	 2
9.091	 3.97	 2
9.092	 4.49	 2
9.092	 4.73	 2
9.093	 3.98	 2
9.094	 3.93	 3
9.095	 4.50	 2
9.097	 4.13	 2
9.099	 4.80	 2
9.101	 6.19	 2
9.101	 3.90	 2
9.106	 4.04	 2
9.107	 4.33	 2
9.109	 3.95	 2
9.111	 5.21	 2
9.112	 4.21	 3
9.113	 4.88	 2
9.114	 3.84	 2
9.115	 4.08	 3
9.116	 4.04	 2
9.117	 3.96	 2
9.118	 4.33	 2
9.119	 4.12	 1
9.122	 4.56	 2
9.124	 3.98	 2
9.125	 4.18	 3
9.125	 3.88	 2
9.126	 3.85	 2
9.127	 4.54	 2
9.128	 3.88	 2
9.128	 3.83	 2
9.133	 3.87	 2
9.135	 4.25	 2
9.136	 3.87	 2
9.137	 4.07	 2
9.137	 4.69	 2
9.140	 4.20	 3
9.141	 4.01	 3
9.142	 5.43	 3
9.143	 4.32	 3
9.145	 3.94	 2
9.148	 3.87	 2
9.152	 3.87	 3
9.154	 4.36	 2
9.154	 4.62	 2
9.155	 4.07	 2
9.156	 4.10	 2
9.156	 4.24	 2
9.162	 4.05	 2
9.163	 3.99	 2
9.167	 4.26	 3
9.168	 4.02	 2
9.168	 4.07	 3
9.172	 5.42	 2
9.174	 4.38	 3
9.175	 4.05	 3
9.182	 4.86	 2
9.184	 4.20	 2
9.185	 4.93	 2
9.190	 4.20	 2
9.190	 4.10	 2
9.191	 5.12	 2
9.191	 4.33	 2
9.193	 4.31	 2
9.199	 4.04	 2
9.199	 4.85	 2
9.202	 4.03	 2
9.204	 4.26	 3
9.207	 3.95	 2
9.209	 4.52	 2
9.210	 4.09	 2
9.210	 3.90	 2
9.210	 3.83	 2
9.210	 3.95	 3
9.212	 3.88	 2
9.212	 4.03	 3
9.225	 3.98	 2
9.229	 4.59	 2
9.240	 4.09	 2
9.243	 4.05	 2
9.244	 4.41	 2
9.245	 4.01	 3
9.245	 4.30	 2
9.246	 4.51	 3
9.246	 3.98	 3
9.246	 4.13	 3
9.247	 3.83	 2
9.250	 5.47	 2
9.256	 4.43	 2
9.256	 4.68	 2
9.257	 4.01	 2
9.260	 4.14	 2
9.262	 4.12	 2
9.266	 4.42	 2
9.267	 4.27	 3
9.268	 3.85	 2
9.269	 5.18	 2
9.270	 3.94	 2
9.270	 3.97	 2
9.272	 4.17	 2
9.272	 3.88	 2
9.274	 4.84	 2
9.274	 4.92	 2
9.276	 4.07	 3
9.281	 4.24	 2
9.283	 4.47	 2
9.287	 5.10	 3
9.291	 3.84	 2
9.297	 3.90	 3
9.297	 3.90	 2
9.302	 4.38	 3
9.308	 5.08	 2
9.311	 3.90	 2
9.317	 4.57	 3
9.322	 4.00	 2
9.323	 3.96	 2
9.323	 4.02	 2
9.338	 4.06	 2
9.344	 4.10	 2
9.347	 4.38	 2
9.350	 4.73	 2
9.351	 4.41	 2
9.356	 5.54	 2
9.361	 5.03	 4
9.382	 4.69	 2
9.401	 3.92	 2
9.405	 3.91	 2
9.416	 4.31	 3
9.424	 4.39	 2
9.433	 4.12	 2
9.434	 3.82	 2
9.441	 4.88	 2
9.446	 4.57	 2
9.449	 5.57	 3
9.454	 3.95	 2
9.458	 4.35	 2
9.465	 3.90	 2
9.474	 4.14	 2
9.477	 3.91	 2
9.484	 4.24	 2
9.485	 4.46	 3
9.489	 3.96	 3
9.493	 4.81	 2
9.495	 4.59	 3
9.510	 3.88	 2
9.521	 4.12	 2
9.524	 3.98	 2
9.529	 5.64	 2
9.529	 4.04	 3
9.532	 4.39	 2
9.535	 3.98	 3
9.535	 4.48	 2
9.535	 3.82	 2
9.536	 3.88	 3
9.541	 4.11	 2
9.543	 3.90	 2
9.550	 3.94	 2
9.553	 4.40	 3
9.554	 5.75	 2
9.556	 3.97	 2
9.565	 4.04	 2
9.565	 3.98	 2
9.567	 4.50	 2
9.575	 3.99	 3
9.580	 5.08	 2
9.581	 4.04	 4
9.584	 4.16	 2
9.588	 5.03	 3
9.606	 4.26	 2
9.611	 3.95	 2
9.612	 4.79	 2
9.614	 3.83	 2
9.615	 4.18	 3
9.617	 5.35	 2
9.617	 3.83	 2
9.618	 4.10	 3
9.620	 3.88	 3
9.633	 4.51	 2
9.633	 3.87	 2
9.639	 4.45	 3
9.650	 4.11	 3
9.660	 3.85	 3
9.662	 4.01	 3
9.677	 4.36	 2
9.679	 4.62	 2
9.701	 4.00	 3
9.704	 4.79	 3
9.706	 3.85	 2
9.710	 4.12	 3
9.714	 3.97	 4
9.732	 3.85	 3
9.741	 4.02	 2
9.744	 4.24	 2
9.776	 4.08	 2
9.778	 4.33	 2
9.783	 4.01	 3
9.798	 4.55	 2
9.812	 3.99	 2
9.822	 3.90	 3
9.840	 3.95	 2
9.861	 4.25	 3
9.890	 4.94	 3
9.905	 3.85	 4
9.905	 4.08	 3
9.909	 4.23	 2
9.924	 4.76	 2
9.935	 4.86	 2
9.940	 4.09	 2
9.958	 4.28	 3
9.961	 3.96	 3
9.966	 3.96	 2
9.968	 4.24	 2
9.989	 4.29	 2
9.995	 5.41	 2
9.998	 4.26	 2
10.006	 4.16	 3
10.014	 4.09	 3
10.014	 4.19	 2
10.024	 3.87	 3
10.028	 3.99	 2
10.032	 3.89	 2
10.063	 5.18	 2
10.071	 3.87	 2
10.084	 4.31	 3
10.095	 4.26	 3
10.122	 3.88	 2
10.157	 3.96	 2
10.172	 4.41	 3
10.182	 3.94	 2
10.205	 4.45	 2
10.215	 4.34	 3
10.236	 4.68	 2
10.241	 4.73	 2
10.247	 4.21	 2
10.260	 4.23	 2
10.282	 4.11	 3
10.301	 4.49	 2
10.323	 3.83	 2
10.329	 3.96	 4
10.335	 3.98	 2
10.338	 4.52	 2
10.346	 3.84	 2
10.352	 4.16	 1
10.364	 4.03	 3
10.368	 4.67	 2
10.371	 4.38	 3
10.377	 4.04	 2
10.401	 4.62	 2
10.401	 4.50	 2
10.424	 3.88	 4
10.424	 5.17	 3
10.425	 4.21	 2
10.431	 4.42	 2
10.432	 3.86	 2
10.442	 3.95	 2
10.452	 4.05	 2
10.456	 3.90	 2
10.468	 4.10	 2
10.478	 4.22	 2
10.484	 3.91	 3
10.497	 4.02	 3
10.508	 4.57	 2
10.516	 4.34	 2
10.522	 4.10	 2
10.550	 4.50	 3
10.552	 4.37	 2
10.554	 4.41	 2
10.564	 4.85	 3
10.565	 3.88	 2
10.577	 3.91	 1
10.578	 4.60	 2
10.608	 4.24	 2
10.614	 4.34	 2
10.644	 4.08	 2
10.645	 3.97	 3
10.651	 6.55	 2
10.653	 4.55	 2
10.663	 4.47	 3
10.666	 4.30	 3
10.666	 4.18	 3
10.670	 4.01	 2
10.676	 4.25	 3
10.687	 4.43	 2
10.687	 4.36	 2
10.708	 4.05	 2
10.717	 4.29	 2
10.719	 4.42	 2
10.743	 3.83	 2
10.756	 4.18	 3
10.778	 4.30	 3
10.781	 4.06	 2
10.785	 4.08	 4
10.789	 4.12	 2
10.793	 4.25	 2
10.815	 4.30	 1
10.819	 4.23	 3
10.839	 4.30	 3
10.854	 3.87	 2
10.855	 4.53	 2
10.861	 4.36	 3
10.874	 4.10	 3
10.881	 3.92	 2
10.882	 3.92	 2
10.898	 3.84	 3
10.908	 4.12	 3
10.917	 3.84	 1
10.934	 3.98	 2
10.939	 4.31	 4
10.944	 4.04	 2
10.944	 3.87	 3
10.961	 3.84	 2
11.003	 4.01	 3
11.019	 4.17	 1
11.022	 4.18	 2
11.030	 4.10	 1
11.090	 3.84	 2
11.092	 4.61	 2
11.093	 3.90	 3
11.095	 4.30	 2
11.097	 4.16	 2
11.103	 3.87	 2
11.123	 4.79	 3
11.160	 4.05	 4
11.162	 4.01	 3
11.171	 4.53	 2
11.185	 4.53	 1
11.199	 3.89	 2
11.202	 4.67	 2
11.210	 3.85	 4
11.278	 4.52	 3
11.279	 4.20	 2
11.295	 4.15	 2
11.301	 4.70	 3
11.306	 3.92	 2
11.341	 3.95	 3
11.345	 3.97	 3
11.349	 4.35	 3
11.364	 4.62	 2
11.372	 4.06	 1
11.374	 3.97	 2
11.387	 3.83	 3
11.396	 4.27	 2
11.408	 3.99	 2
11.444	 3.87	 2
11.445	 4.35	 3
11.448	 4.28	 1
11.458	 4.83	 1
11.466	 3.94	 3
11.496	 3.93	 3
11.497	 4.21	 2
11.500	 4.40	 2
11.526	 4.43	 2
11.549	 4.45	 2
11.551	 4.73	 2
11.570	 3.86	 3
11.587	 5.11	 3
11.601	 3.98	 3
11.605	 3.93	 2
11.617	 4.16	 2
11.656	 5.34	 2
11.668	 4.00	 2
11.747	 4.32	 3
11.747	 4.64	 3
11.774	 4.06	 2
11.780	 3.94	 2
11.801	 3.86	 2
11.830	 3.88	 3
11.839	 3.90	 1
11.851	 3.89	 1
11.867	 4.05	 2
11.877	 3.96	 3
11.892	 4.76	 2
11.915	 3.85	 2
11.938	 4.78	 3
11.979	 3.91	 1
11.988	 3.85	 3
12.003	 4.23	 1
12.007	 4.35	 2
12.012	 4.29	 3
12.015	 4.01	 2
12.021	 4.36	 4
12.074	 3.93	 2
12.081	 4.35	 4
12.089	 4.03	 5
12.098	 4.44	 2
12.107	 3.99	 2
12.113	 4.46	 2
12.186	 4.07	 4
12.217	 4.63	 2
12.228	 4.26	 2
12.273	 3.85	 2
12.300	 4.07	 3
12.310	 4.31	 2
12.313	 4.21	 2
12.316	 4.81	 3
12.358	 4.47	 3
12.381	 4.80	 3
12.397	 4.78	 2
12.407	 4.17	 2
12.415	 4.57	 2
12.429	 4.41	 3
12.448	 5.39	 2
12.476	 3.86	 2
12.484	 4.42	 2
12.515	 4.06	 3
12.540	 4.69	 4
12.540	 4.14	 3
12.619	 4.82	 4
12.644	 4.65	 3
12.660	 3.91	 2
12.662	 4.25	 1
12.672	 3.93	 2
12.677	 4.25	 2
12.712	 4.25	 2
12.727	 4.14	 3
12.735	 4.42	 1
12.777	 4.75	 1
12.793	 4.24	 3
12.805	 3.84	 2
12.830	 5.50	 3
12.849	 4.03	 4
12.874	 4.02	 3
12.884	 4.35	 2
12.895	 3.96	 3
12.955	 4.20	 4
12.960	 4.18	 2
12.963	 3.92	 3
13.008	 3.88	 3
13.014	 4.35	 2
13.063	 4.00	 2
13.072	 5.68	 2
13.076	 4.16	 2
13.149	 4.80	 3
13.170	 4.07	 3
13.235	 3.95	 3
13.275	 4.47	 2
13.279	 3.99	 2
13.341	 5.44	 2
13.401	 4.59	 2
13.405	 3.91	 2
13.412	 4.39	 3
13.499	 3.87	 3
13.521	 3.85	 1
13.546	 4.44	 1
13.553	 3.86	 2
13.591	 3.85	 3
13.596	 3.97	 3
13.603	 3.87	 3
13.620	 3.86	 1
13.621	 4.19	 2
13.628	 4.10	 2
13.641	 4.01	 1
13.743	 3.93	 4
13.756	 4.34	 2
13.764	 3.99	 2
13.804	 4.29	 3
13.873	 4.98	 2
13.948	 3.93	 2
13.962	 3.83	 3
13.970	 5.33	 2
13.977	 4.96	 3
13.986	 3.91	 3
13.989	 4.49	 3
