# Simulation 775
# RelativeTime(days) Magnitude Generation
Time Mag Gen
7.005	 3.90	 1
7.540	 4.11	 1
7.754	 4.27	 1
7.830	 4.00	 1
7.952	 4.59	 1
8.094	 3.83	 1
8.268	 4.42	 1
8.289	 5.09	 1
8.294	 5.36	 2
8.304	 3.88	 3
8.317	 4.56	 3
8.800	 4.22	 1
9.170	 4.51	 1
9.593	 4.19	 1
9.819	 3.93	 1
9.879	 3.91	 1
9.930	 4.02	 1
10.080	 5.10	 1
10.209	 3.98	 1
10.343	 4.69	 1
10.862	 4.02	 1
11.024	 3.87	 1
11.115	 3.87	 1
11.124	 3.94	 1
11.154	 4.25	 1
11.361	 3.85	 1
11.439	 4.07	 1
11.655	 4.08	 1
12.269	 4.74	 1
12.308	 4.10	 1
12.362	 3.91	 1
12.891	 4.32	 1
12.969	 3.88	 1
13.699	 4.47	 1
13.850	 4.02	 1
