# Simulation 969
# RelativeTime(days) Magnitude Generation
Time Mag Gen
7.149	 4.21	 1
7.455	 4.99	 1
7.680	 4.11	 1
7.701	 4.66	 1
7.721	 4.47	 1
8.070	 4.89	 1
8.127	 4.07	 1
8.177	 4.37	 1
8.281	 3.87	 1
8.363	 4.85	 1
8.388	 5.47	 1
8.459	 5.36	 1
8.496	 4.02	 1
8.525	 4.04	 1
8.595	 3.99	 1
8.596	 4.53	 1
8.625	 4.17	 1
8.697	 3.85	 1
8.950	 4.17	 1
9.033	 4.96	 1
9.038	 4.17	 1
9.274	 4.57	 1
9.503	 3.90	 1
9.723	 4.23	 1
9.833	 4.23	 1
9.887	 4.73	 1
9.894	 4.58	 1
9.919	 3.83	 1
10.151	 4.39	 1
10.284	 4.75	 1
10.298	 4.63	 1
10.320	 5.24	 1
10.749	 3.94	 1
10.774	 4.07	 1
10.808	 4.26	 1
11.147	 4.54	 1
11.174	 4.09	 1
11.247	 4.08	 1
11.653	 4.43	 1
11.750	 4.29	 1
11.787	 3.84	 1
11.905	 4.15	 1
12.108	 3.85	 1
12.278	 3.83	 1
12.333	 4.83	 1
12.348	 3.89	 1
12.521	 4.34	 1
12.538	 4.22	 1
12.611	 4.12	 1
12.612	 4.03	 1
12.685	 4.74	 1
12.702	 4.26	 1
12.785	 4.09	 1
13.165	 4.04	 1
13.376	 4.24	 1
13.619	 4.02	 1
