# Simulation 151
# RelativeTime(days) Magnitude Generation
Time Mag Gen
7.080	 4.09	 1
7.102	 4.03	 1
7.116	 4.67	 1
7.252	 4.13	 1
7.427	 3.86	 1
7.441	 3.82	 1
7.494	 3.99	 1
7.576	 4.66	 1
7.625	 4.30	 1
7.808	 4.61	 1
8.212	 4.35	 1
8.333	 4.29	 1
8.549	 3.86	 2
8.568	 4.49	 1
8.639	 4.16	 1
8.760	 4.97	 1
8.802	 4.54	 2
8.825	 4.57	 3
9.001	 3.94	 1
9.114	 3.90	 1
9.123	 5.08	 2
9.137	 4.16	 1
9.219	 3.85	 1
9.233	 4.90	 1
9.243	 4.93	 1
9.415	 4.22	 3
9.529	 4.82	 1
9.634	 3.86	 1
9.757	 4.02	 1
9.774	 4.38	 1
10.165	 4.04	 1
10.260	 4.03	 1
10.265	 4.57	 1
10.311	 3.99	 1
10.471	 4.16	 1
10.641	 4.98	 1
10.660	 3.85	 2
10.784	 3.98	 1
11.086	 4.28	 1
11.181	 4.28	 1
11.357	 4.48	 1
11.551	 3.91	 1
11.554	 3.88	 1
11.665	 3.82	 2
11.865	 3.94	 4
11.874	 3.90	 1
12.345	 4.27	 1
12.386	 3.82	 1
12.630	 5.06	 1
12.693	 4.10	 2
12.896	 4.47	 1
13.082	 4.13	 1
13.215	 4.55	 1
13.258	 4.43	 1
13.326	 4.28	 1
13.387	 3.92	 1
13.698	 4.29	 1
13.910	 4.21	 1
