# Simulation 566
# RelativeTime(days) Magnitude Generation
Time Mag Gen
7.390	 4.92	 1
7.477	 5.68	 1
7.865	 5.20	 1
9.360	 9.36	 1
9.360	 4.96	 2
9.360	 4.87	 2
9.361	 5.47	 2
9.361	 5.15	 2
9.361	 4.85	 2
9.361	 5.16	 2
9.362	 5.27	 2
9.362	 4.98	 2
9.362	 4.86	 2
9.362	 4.87	 2
9.362	 5.80	 2
9.363	 5.74	 2
9.363	 5.22	 2
9.363	 5.09	 2
9.363	 5.01	 2
9.364	 4.89	 2
9.364	 6.06	 2
9.364	 4.85	 2
9.364	 5.02	 2
9.364	 5.62	 2
9.365	 4.87	 2
9.365	 4.85	 2
9.365	 4.85	 2
9.366	 4.89	 2
9.366	 5.12	 2
9.366	 6.29	 2
9.366	 5.29	 2
9.367	 5.50	 2
9.368	 6.01	 2
9.368	 4.83	 2
9.368	 5.03	 2
9.368	 5.31	 2
9.368	 4.96	 2
9.368	 5.02	 2
9.369	 4.94	 2
9.369	 5.72	 2
9.370	 5.04	 2
9.370	 5.92	 2
9.370	 5.03	 2
9.371	 5.94	 2
9.371	 4.89	 2
9.371	 5.05	 2
9.371	 4.88	 2
9.371	 5.26	 2
9.371	 5.65	 2
9.371	 7.02	 2
9.372	 4.89	 2
9.372	 5.39	 2
9.372	 4.98	 2
9.372	 6.27	 2
9.372	 5.26	 2
9.372	 5.13	 2
9.372	 4.88	 2
9.373	 4.87	 2
9.373	 4.89	 2
9.373	 5.07	 2
9.373	 5.40	 2
9.373	 5.00	 2
9.374	 5.30	 2
9.374	 5.08	 2
9.374	 5.09	 2
9.374	 5.17	 2
9.374	 4.86	 2
9.375	 5.10	 2
9.375	 4.95	 2
9.375	 5.33	 2
9.375	 4.88	 2
9.375	 5.58	 2
9.375	 5.41	 2
9.376	 5.07	 2
9.376	 6.00	 2
9.376	 5.17	 2
9.376	 5.01	 2
9.378	 5.02	 2
9.378	 5.98	 2
9.379	 5.02	 2
9.379	 5.56	 2
9.380	 6.05	 2
9.380	 5.07	 2
9.380	 5.53	 3
9.380	 5.19	 2
9.381	 5.38	 2
9.381	 4.83	 2
9.381	 5.00	 2
9.381	 5.03	 2
9.382	 5.68	 2
9.382	 5.13	 2
9.382	 5.17	 2
9.382	 6.52	 2
9.382	 4.97	 2
9.382	 5.00	 2
9.383	 5.04	 2
9.383	 5.59	 2
9.383	 4.95	 2
9.384	 6.27	 2
9.385	 4.84	 2
9.385	 5.43	 2
9.386	 5.18	 2
9.387	 5.01	 2
9.387	 5.20	 2
9.388	 5.09	 2
9.388	 5.44	 2
9.388	 5.27	 2
9.388	 5.06	 2
9.389	 5.13	 2
9.389	 5.15	 2
9.389	 4.90	 2
9.389	 5.21	 2
9.390	 5.24	 2
9.390	 5.70	 2
9.390	 6.42	 2
9.390	 4.97	 2
9.391	 5.01	 2
9.391	 5.77	 2
9.391	 5.04	 2
9.391	 5.11	 2
9.391	 5.12	 2
9.391	 5.19	 2
9.391	 4.88	 2
9.392	 4.88	 2
9.392	 4.82	 2
9.393	 4.84	 2
9.393	 5.05	 2
9.394	 4.89	 2
9.394	 5.18	 2
9.394	 4.85	 2
9.394	 4.92	 2
9.394	 5.11	 2
9.395	 5.19	 2
9.395	 5.35	 2
9.395	 5.96	 2
9.396	 5.71	 2
9.396	 5.01	 2
9.397	 5.07	 2
9.397	 5.48	 2
9.397	 5.44	 2
9.399	 4.87	 2
9.399	 5.16	 2
9.399	 5.45	 2
9.399	 4.94	 2
9.399	 5.84	 2
9.399	 5.71	 2
9.400	 5.44	 2
9.400	 5.09	 2
9.400	 5.21	 2
9.400	 5.16	 2
9.401	 5.09	 3
9.401	 5.20	 2
9.401	 5.36	 2
9.401	 5.15	 2
9.401	 4.97	 3
9.402	 4.92	 2
9.402	 5.20	 2
9.402	 5.15	 2
9.402	 5.20	 2
9.402	 4.82	 2
9.402	 4.95	 2
9.402	 5.43	 2
9.403	 5.00	 2
9.403	 5.05	 2
9.403	 5.41	 2
9.403	 5.31	 2
9.404	 4.91	 2
9.404	 6.33	 2
9.404	 4.96	 2
9.405	 4.89	 2
9.405	 5.35	 2
9.406	 5.03	 2
9.406	 5.38	 2
9.406	 4.83	 2
9.406	 4.90	 3
9.406	 4.84	 2
9.407	 6.43	 2
9.407	 5.18	 2
9.407	 4.91	 2
9.408	 5.07	 2
9.408	 6.05	 2
9.409	 5.47	 2
9.411	 5.93	 2
9.411	 4.88	 3
9.412	 5.08	 2
9.412	 4.93	 2
9.412	 5.45	 2
9.413	 6.48	 2
9.413	 4.94	 2
9.413	 5.38	 2
9.413	 4.93	 2
9.414	 5.00	 2
9.414	 5.40	 2
9.414	 6.15	 2
9.414	 4.88	 2
9.415	 5.31	 2
9.415	 4.97	 2
9.415	 4.88	 2
9.416	 5.05	 2
9.416	 5.18	 2
9.416	 4.97	 2
9.416	 5.37	 2
9.417	 4.92	 2
9.417	 5.18	 2
9.417	 5.04	 2
9.417	 4.85	 2
9.417	 4.84	 2
9.417	 5.06	 2
9.418	 4.94	 2
9.418	 5.84	 2
9.418	 4.87	 2
9.419	 5.05	 2
9.419	 5.14	 2
9.419	 4.86	 2
9.419	 4.94	 2
9.420	 5.14	 2
9.420	 5.50	 2
9.420	 5.36	 2
9.420	 6.13	 2
9.420	 4.84	 2
9.422	 5.22	 2
9.423	 6.58	 2
9.423	 5.31	 2
9.423	 5.14	 2
9.423	 5.94	 2
9.424	 5.51	 2
9.424	 5.94	 2
9.426	 5.07	 2
9.426	 5.37	 2
9.426	 4.85	 2
9.427	 5.29	 2
9.428	 4.90	 2
9.428	 5.70	 2
9.429	 5.00	 2
9.430	 4.95	 2
9.431	 4.95	 2
9.432	 5.98	 2
9.433	 5.35	 2
9.433	 4.94	 2
9.434	 5.74	 2
9.435	 5.37	 3
9.435	 4.90	 2
9.436	 5.30	 2
9.436	 5.06	 2
9.437	 5.39	 2
9.437	 5.47	 2
9.437	 5.15	 2
9.438	 4.84	 2
9.438	 5.08	 2
9.438	 5.25	 2
9.439	 4.92	 2
9.440	 5.05	 2
9.440	 5.33	 2
9.440	 4.93	 2
9.441	 5.00	 2
9.441	 5.17	 2
9.441	 4.95	 2
9.442	 5.99	 2
9.442	 5.30	 2
9.444	 5.32	 2
9.444	 4.98	 2
9.444	 5.23	 2
9.446	 5.60	 2
9.446	 6.42	 2
9.447	 5.11	 3
9.448	 4.84	 2
9.449	 5.73	 2
9.450	 5.86	 2
9.451	 5.60	 2
9.452	 4.84	 2
9.452	 5.45	 2
9.453	 5.10	 2
9.453	 5.07	 2
9.454	 5.19	 2
9.454	 4.96	 2
9.454	 5.03	 3
9.454	 5.06	 2
9.455	 5.63	 2
9.456	 5.11	 2
9.456	 4.93	 2
9.456	 4.86	 2
9.456	 5.07	 2
9.457	 5.20	 2
9.457	 5.35	 2
9.457	 6.09	 2
9.457	 5.12	 2
9.458	 4.89	 2
9.458	 5.05	 2
9.458	 4.86	 2
9.458	 5.02	 2
9.458	 4.92	 2
9.459	 4.83	 2
9.460	 5.15	 3
9.460	 6.16	 2
9.460	 5.23	 3
9.461	 5.21	 2
9.461	 5.03	 2
9.461	 5.05	 2
9.462	 4.87	 2
9.462	 5.60	 2
9.462	 5.29	 2
9.463	 5.12	 2
9.464	 5.18	 3
9.464	 5.47	 2
9.464	 4.84	 2
9.465	 4.98	 2
9.465	 5.28	 2
9.465	 6.18	 2
9.466	 5.06	 2
9.466	 5.04	 2
9.466	 4.96	 2
9.466	 5.12	 2
9.466	 4.98	 2
9.466	 5.54	 2
9.467	 5.02	 2
9.467	 5.62	 2
9.467	 5.32	 2
9.467	 5.66	 2
9.467	 4.90	 2
9.470	 4.87	 2
9.470	 5.15	 2
9.471	 5.39	 3
9.471	 5.92	 2
9.471	 4.92	 2
9.471	 5.12	 2
9.471	 4.95	 2
9.472	 5.11	 2
9.472	 4.83	 2
9.473	 4.97	 2
9.473	 5.85	 2
9.473	 5.12	 2
9.473	 5.43	 3
9.474	 5.25	 2
9.474	 5.20	 2
9.474	 5.90	 2
9.475	 6.28	 2
9.476	 5.81	 2
9.477	 5.03	 2
9.477	 5.61	 3
9.477	 5.13	 2
9.477	 5.30	 2
9.478	 4.96	 2
9.478	 4.84	 2
9.479	 4.86	 2
9.480	 6.75	 2
9.480	 5.10	 2
9.480	 5.45	 2
9.481	 4.83	 2
9.481	 5.62	 2
9.481	 4.97	 2
9.482	 5.60	 3
9.482	 4.92	 2
9.482	 5.08	 2
9.484	 5.17	 2
9.485	 4.98	 3
9.485	 4.82	 2
9.485	 5.34	 2
9.485	 5.24	 2
9.488	 5.24	 2
9.489	 4.82	 2
9.489	 5.73	 2
9.489	 5.06	 2
9.489	 5.06	 4
9.489	 4.90	 2
9.490	 5.25	 3
9.490	 5.04	 2
9.491	 5.14	 2
9.492	 5.06	 3
9.492	 5.34	 2
9.492	 5.32	 2
9.492	 5.59	 2
9.492	 5.63	 2
9.493	 5.29	 2
9.494	 4.85	 2
9.496	 4.94	 2
9.497	 4.85	 2
9.497	 4.93	 2
9.498	 5.77	 2
9.498	 5.01	 2
9.498	 5.13	 2
9.499	 5.67	 2
9.499	 5.33	 3
9.499	 5.00	 2
9.499	 5.78	 2
9.499	 4.94	 2
9.499	 5.35	 2
9.500	 5.00	 2
9.500	 5.76	 2
9.501	 5.02	 3
9.501	 5.06	 2
9.501	 5.18	 2
9.502	 4.90	 2
9.502	 4.86	 2
9.503	 5.12	 2
9.503	 5.23	 2
9.505	 5.06	 2
9.505	 6.01	 2
9.506	 5.32	 2
9.507	 4.82	 2
9.508	 5.90	 2
9.509	 5.38	 2
9.509	 5.89	 2
9.510	 5.06	 2
9.511	 5.28	 2
9.511	 5.94	 2
9.511	 4.82	 2
9.512	 5.64	 2
9.513	 5.25	 2
9.514	 4.85	 2
9.515	 5.02	 2
9.515	 4.87	 2
9.515	 5.11	 2
9.516	 6.19	 2
9.516	 4.88	 2
9.517	 5.78	 2
9.517	 4.93	 2
9.517	 5.37	 2
9.517	 5.21	 2
9.517	 5.72	 2
9.518	 5.40	 2
9.519	 5.28	 2
9.519	 4.93	 3
9.519	 5.20	 2
9.520	 5.38	 2
9.521	 5.59	 2
9.522	 5.17	 2
9.523	 4.82	 2
9.523	 5.07	 2
9.523	 4.85	 2
9.523	 5.18	 2
9.524	 5.35	 2
9.524	 5.19	 2
9.525	 5.33	 2
9.526	 4.87	 2
9.527	 5.53	 2
9.528	 5.42	 2
9.530	 5.19	 2
9.530	 6.18	 2
9.532	 5.35	 2
9.532	 4.94	 2
9.533	 4.82	 2
9.533	 6.19	 2
9.534	 5.07	 2
9.534	 5.23	 2
9.535	 5.38	 2
9.536	 5.59	 2
9.541	 5.89	 2
9.542	 5.82	 2
9.542	 5.26	 2
9.544	 4.86	 2
9.545	 5.15	 2
9.545	 5.14	 3
9.545	 5.20	 2
9.546	 5.48	 2
9.546	 5.07	 2
9.546	 5.89	 2
9.546	 5.15	 2
9.548	 5.32	 2
9.548	 4.83	 2
9.549	 5.95	 2
9.549	 5.17	 2
9.550	 5.45	 3
9.550	 5.77	 2
9.551	 5.62	 2
9.553	 4.85	 2
9.556	 5.14	 2
9.557	 5.28	 2
9.557	 4.91	 2
9.558	 5.92	 2
9.558	 5.36	 1
9.559	 4.95	 2
9.561	 5.40	 2
9.562	 4.98	 3
9.562	 4.92	 2
9.563	 5.93	 2
9.563	 5.02	 3
9.565	 4.88	 2
9.565	 5.10	 2
9.566	 6.20	 2
9.566	 4.83	 2
9.567	 5.21	 2
9.568	 5.54	 2
9.569	 4.89	 2
9.569	 5.24	 2
9.569	 5.37	 2
9.569	 5.45	 2
9.570	 5.07	 2
9.570	 5.47	 2
9.570	 5.28	 2
9.571	 6.51	 2
9.571	 5.63	 2
9.571	 6.06	 2
9.572	 5.27	 2
9.572	 4.92	 2
9.572	 5.39	 2
9.574	 5.16	 2
9.574	 4.93	 2
9.574	 4.89	 3
9.574	 6.10	 2
9.576	 5.03	 2
9.577	 5.28	 2
9.577	 6.09	 2
9.578	 4.84	 2
9.578	 5.86	 2
9.580	 5.87	 2
9.582	 5.67	 2
9.582	 4.84	 2
9.583	 4.94	 2
9.583	 5.04	 2
9.585	 5.05	 2
9.586	 5.22	 2
9.586	 4.83	 2
9.586	 5.04	 2
9.586	 4.83	 3
9.588	 5.44	 3
9.589	 5.37	 2
9.589	 4.94	 2
9.589	 5.93	 2
9.590	 4.84	 2
9.591	 5.74	 2
9.591	 5.12	 2
9.592	 5.77	 2
9.595	 5.93	 2
9.597	 4.99	 2
9.597	 4.85	 2
9.598	 5.20	 2
9.599	 5.00	 2
9.599	 5.60	 2
9.600	 5.24	 2
9.600	 5.33	 2
9.600	 5.20	 3
9.600	 5.03	 2
9.601	 5.09	 3
9.602	 5.63	 3
9.602	 5.21	 2
9.603	 4.97	 2
9.603	 4.85	 3
9.604	 5.19	 2
9.604	 5.98	 2
9.605	 4.84	 3
9.607	 5.59	 2
9.607	 5.91	 2
9.607	 5.17	 3
9.607	 5.26	 2
9.608	 6.17	 2
9.609	 4.89	 3
9.609	 5.29	 2
9.612	 5.12	 2
9.614	 5.19	 2
9.614	 4.89	 2
9.616	 4.90	 2
9.617	 5.05	 2
9.618	 5.35	 2
9.618	 5.91	 2
9.619	 5.44	 2
9.621	 5.38	 2
9.624	 5.08	 2
9.624	 4.89	 2
9.624	 5.12	 3
9.625	 4.92	 2
9.625	 4.83	 2
9.627	 5.93	 3
9.628	 5.30	 2
9.628	 4.91	 2
9.631	 5.60	 2
9.631	 5.14	 2
9.632	 4.86	 2
9.633	 5.38	 2
9.633	 7.08	 2
9.633	 6.38	 2
9.634	 6.84	 3
9.634	 5.18	 2
9.635	 4.88	 2
9.636	 4.84	 2
9.636	 5.07	 2
9.636	 5.01	 2
9.637	 6.12	 2
9.639	 5.05	 2
9.639	 6.09	 2
9.640	 6.14	 2
9.640	 6.35	 3
9.642	 5.18	 2
9.642	 5.46	 2
9.643	 5.33	 3
9.643	 4.84	 2
9.646	 5.19	 2
9.646	 5.17	 2
9.647	 5.12	 2
9.647	 5.83	 2
9.650	 5.10	 2
9.651	 5.13	 2
9.651	 4.84	 2
9.652	 5.31	 2
9.654	 5.03	 2
9.654	 4.93	 2
9.656	 5.52	 2
9.656	 5.71	 2
9.657	 6.27	 2
9.659	 5.52	 2
9.660	 5.72	 2
9.662	 5.32	 2
9.663	 5.42	 2
9.663	 5.29	 2
9.663	 5.10	 2
9.664	 4.88	 2
9.667	 5.16	 2
9.667	 5.10	 2
9.669	 5.11	 3
9.669	 5.09	 2
9.669	 4.82	 2
9.673	 5.12	 2
9.677	 5.21	 2
9.678	 5.01	 2
9.678	 4.99	 2
9.682	 6.49	 2
9.682	 5.00	 2
9.684	 5.51	 2
9.684	 5.38	 2
9.686	 5.20	 2
9.690	 6.09	 2
9.691	 5.12	 2
9.692	 5.52	 2
9.692	 5.22	 2
9.693	 5.70	 2
9.696	 5.03	 2
9.697	 5.47	 2
9.697	 4.88	 2
9.698	 4.88	 2
9.698	 4.94	 2
9.700	 4.83	 2
9.704	 5.02	 3
9.706	 5.86	 3
9.707	 6.19	 2
9.707	 5.39	 3
9.707	 5.81	 2
9.708	 4.95	 2
9.711	 5.05	 2
9.713	 4.93	 3
9.716	 5.04	 2
9.716	 5.18	 2
9.717	 5.29	 2
9.717	 5.17	 2
9.722	 5.46	 2
9.722	 5.54	 2
9.722	 5.07	 3
9.724	 5.20	 2
9.724	 6.08	 2
9.726	 5.31	 2
9.728	 5.05	 2
9.729	 4.91	 3
9.730	 4.86	 2
9.731	 5.36	 2
9.732	 5.46	 3
9.732	 5.82	 2
9.733	 4.91	 2
9.733	 4.85	 3
9.734	 5.45	 2
9.737	 4.94	 2
9.738	 4.83	 2
9.738	 5.12	 2
9.741	 5.07	 2
9.742	 5.12	 2
9.743	 5.71	 3
9.744	 6.06	 2
9.745	 5.57	 4
9.746	 6.42	 2
9.747	 5.51	 4
9.747	 4.99	 2
9.750	 5.18	 2
9.751	 4.89	 3
9.751	 5.16	 2
9.752	 5.80	 2
9.752	 5.88	 2
9.753	 4.83	 2
9.755	 4.93	 2
9.755	 4.82	 2
9.757	 5.65	 2
9.757	 5.13	 2
9.757	 4.90	 2
9.759	 5.61	 2
9.759	 5.15	 3
9.760	 5.22	 3
9.760	 5.37	 2
9.761	 5.21	 3
9.763	 5.28	 2
9.764	 4.88	 2
9.764	 5.30	 2
9.765	 5.28	 2
9.766	 5.20	 2
9.767	 5.32	 2
9.770	 5.01	 2
9.775	 4.89	 2
9.775	 4.99	 2
9.775	 5.29	 2
9.776	 5.26	 2
9.777	 5.41	 2
9.778	 4.93	 2
9.779	 5.17	 2
9.779	 4.96	 3
9.781	 5.50	 2
9.782	 4.84	 2
9.783	 5.16	 2
9.783	 4.85	 2
9.784	 4.84	 3
9.785	 4.89	 4
9.787	 5.29	 2
9.787	 6.08	 2
9.790	 5.78	 2
9.793	 4.94	 2
9.798	 4.83	 2
9.800	 6.75	 2
9.800	 5.90	 2
9.801	 5.48	 3
9.802	 4.93	 2
9.803	 5.60	 2
9.804	 7.58	 2
9.804	 5.92	 3
9.804	 5.17	 3
9.810	 4.85	 3
9.810	 6.15	 3
9.811	 5.26	 2
9.812	 5.06	 2
9.814	 5.24	 2
9.815	 6.37	 2
9.815	 5.20	 3
9.815	 5.22	 3
9.816	 5.00	 2
9.817	 5.24	 2
9.819	 4.86	 3
9.819	 5.37	 2
9.822	 5.00	 2
9.824	 5.52	 2
9.825	 4.84	 3
9.826	 4.94	 2
9.827	 5.95	 3
9.827	 5.00	 2
9.827	 5.42	 3
9.827	 5.15	 2
9.828	 4.93	 3
9.829	 5.18	 2
9.830	 5.22	 3
9.830	 4.97	 2
9.833	 4.99	 2
9.834	 5.31	 3
9.836	 5.20	 2
9.837	 4.85	 2
9.837	 5.68	 2
9.838	 4.91	 2
9.839	 5.03	 2
9.839	 6.01	 2
9.839	 5.20	 3
9.841	 5.03	 2
9.841	 4.92	 2
9.842	 5.12	 3
9.842	 4.93	 2
9.842	 4.94	 2
9.842	 4.96	 2
9.848	 5.82	 2
9.849	 5.75	 2
9.849	 5.09	 2
9.850	 4.84	 4
9.850	 5.32	 2
9.851	 6.32	 2
9.852	 5.00	 2
9.853	 4.85	 4
9.855	 5.32	 3
9.857	 5.07	 2
9.859	 5.08	 2
9.859	 4.83	 2
9.860	 4.93	 3
9.861	 4.85	 2
9.861	 4.98	 4
9.863	 4.91	 2
9.863	 5.45	 2
9.863	 4.95	 3
9.863	 5.07	 2
9.864	 6.11	 2
9.864	 5.49	 3
9.865	 4.82	 3
9.866	 8.29	 3
9.866	 4.84	 4
9.866	 5.04	 3
9.866	 5.15	 2
9.867	 4.95	 3
9.867	 4.87	 3
9.868	 5.19	 4
9.869	 5.09	 3
9.869	 5.67	 4
9.870	 5.41	 2
9.870	 4.84	 4
9.870	 4.90	 3
9.871	 4.88	 2
9.872	 4.87	 4
9.873	 5.06	 4
9.874	 5.20	 3
9.875	 4.98	 2
9.877	 5.72	 4
9.877	 5.05	 4
9.880	 5.06	 2
9.880	 5.01	 2
9.880	 4.85	 4
9.881	 5.14	 2
9.883	 5.28	 2
9.883	 4.97	 2
9.883	 5.30	 3
9.884	 5.38	 3
9.884	 5.06	 2
9.884	 4.96	 4
9.885	 4.91	 2
9.886	 4.94	 3
9.887	 5.71	 3
9.887	 5.28	 2
9.888	 4.87	 3
9.889	 5.20	 5
9.889	 5.20	 4
9.890	 5.92	 2
9.891	 4.95	 2
9.891	 5.04	 3
9.891	 5.07	 2
9.891	 5.33	 4
9.891	 5.33	 2
9.892	 5.27	 4
9.894	 5.74	 3
9.897	 4.95	 4
9.897	 5.16	 2
9.898	 4.92	 2
9.900	 5.37	 4
9.900	 5.20	 2
9.900	 5.81	 3
9.901	 5.00	 4
9.901	 5.02	 4
9.901	 4.88	 2
9.902	 5.81	 4
9.902	 4.83	 3
9.902	 4.89	 2
9.902	 4.83	 2
9.904	 6.14	 2
9.906	 5.16	 4
9.907	 4.83	 2
9.907	 4.99	 2
9.908	 4.85	 3
9.908	 4.92	 3
9.908	 5.13	 4
9.908	 4.86	 4
9.908	 5.16	 2
9.909	 4.86	 2
9.910	 4.88	 2
9.910	 5.67	 2
9.910	 7.15	 2
9.912	 5.22	 4
9.912	 5.35	 3
9.914	 5.42	 4
9.914	 5.22	 4
9.915	 5.72	 2
9.916	 5.12	 3
9.918	 4.87	 3
9.918	 4.94	 2
9.923	 4.99	 2
9.923	 5.67	 2
9.923	 5.12	 4
9.923	 5.78	 2
9.924	 4.86	 2
9.925	 5.42	 2
9.925	 4.88	 3
9.925	 5.99	 2
9.926	 5.43	 3
9.926	 4.88	 3
9.928	 5.00	 2
9.929	 5.77	 3
9.929	 5.36	 2
9.930	 4.91	 3
9.931	 4.96	 3
9.933	 4.96	 4
9.934	 5.74	 2
9.934	 5.35	 2
9.934	 4.85	 4
9.935	 5.08	 2
9.936	 4.88	 4
9.937	 5.33	 2
9.938	 5.22	 4
9.939	 4.87	 2
9.940	 4.90	 2
9.941	 5.23	 3
9.942	 5.21	 3
9.945	 5.55	 2
9.945	 5.44	 2
9.948	 5.37	 3
9.949	 5.00	 2
9.951	 5.35	 3
9.952	 5.13	 2
9.952	 4.95	 2
9.952	 4.98	 2
9.953	 5.43	 2
9.954	 5.65	 4
9.954	 4.88	 3
9.955	 5.32	 4
9.955	 5.96	 2
9.957	 5.57	 2
9.957	 5.49	 2
9.959	 4.83	 2
9.960	 4.90	 2
9.960	 4.89	 4
9.961	 5.43	 2
9.962	 5.29	 2
9.963	 5.79	 2
9.964	 5.98	 3
9.967	 4.95	 2
9.967	 5.58	 3
9.967	 5.58	 3
9.968	 6.90	 3
9.969	 6.12	 2
9.970	 5.10	 2
9.971	 4.82	 2
9.971	 4.86	 2
9.971	 4.95	 3
9.973	 5.39	 3
9.973	 5.12	 3
9.974	 5.35	 2
9.977	 5.17	 2
9.978	 5.05	 2
9.978	 4.86	 3
9.979	 5.16	 2
9.979	 6.13	 3
9.979	 4.96	 4
9.980	 5.94	 3
9.981	 4.84	 2
9.981	 4.94	 2
9.981	 5.01	 2
9.982	 4.85	 3
9.983	 4.89	 2
9.983	 5.03	 4
9.983	 4.91	 4
9.986	 5.48	 3
9.988	 5.06	 2
9.989	 5.78	 2
9.989	 4.88	 2
9.992	 4.99	 2
9.992	 5.08	 3
9.993	 5.23	 2
9.994	 4.98	 4
9.995	 5.55	 2
9.996	 6.70	 4
9.996	 6.51	 2
9.996	 4.95	 4
9.996	 5.03	 2
9.997	 5.10	 2
9.998	 5.13	 2
9.998	 5.11	 5
9.999	 7.54	 4
9.999	 4.97	 4
10.002	 5.02	 5
10.003	 5.40	 3
10.003	 5.27	 2
10.003	 5.34	 3
10.005	 4.82	 2
10.005	 4.89	 5
10.005	 4.97	 3
10.006	 4.99	 2
10.008	 5.46	 3
10.009	 4.91	 4
10.009	 4.85	 2
10.010	 5.03	 4
10.011	 5.15	 2
10.012	 5.26	 2
10.013	 4.84	 4
10.014	 5.02	 4
10.014	 4.83	 2
10.014	 5.06	 4
10.014	 5.23	 2
10.015	 5.01	 3
10.016	 5.19	 2
10.018	 5.20	 5
10.019	 5.11	 2
10.019	 5.17	 3
10.020	 5.04	 4
10.021	 5.05	 3
10.022	 5.33	 4
10.023	 4.89	 2
10.024	 5.77	 5
10.024	 5.11	 2
10.026	 5.02	 4
10.026	 5.22	 4
10.027	 5.99	 3
10.028	 6.35	 2
10.029	 5.06	 2
10.029	 4.88	 3
10.033	 4.97	 3
10.034	 5.05	 2
10.037	 5.05	 4
10.038	 4.88	 5
10.038	 5.02	 2
10.038	 5.44	 2
10.039	 4.84	 5
10.040	 5.12	 2
10.041	 5.14	 4
10.041	 4.93	 5
10.041	 5.05	 5
10.041	 5.36	 4
10.042	 5.66	 2
10.042	 5.09	 5
10.044	 5.22	 5
10.045	 5.12	 2
10.047	 5.37	 4
10.047	 5.96	 4
10.047	 4.92	 5
10.048	 4.98	 4
10.049	 6.37	 2
10.049	 4.82	 5
10.051	 6.04	 5
10.051	 5.40	 2
10.053	 5.15	 4
10.054	 4.90	 3
10.058	 5.63	 4
10.059	 5.18	 2
10.060	 5.06	 2
10.063	 5.22	 2
10.064	 5.07	 4
10.068	 5.26	 2
10.069	 4.83	 2
10.070	 5.04	 2
10.071	 4.95	 3
10.071	 4.90	 3
10.072	 4.93	 2
10.072	 4.88	 4
10.072	 4.92	 2
10.076	 5.05	 2
10.081	 4.97	 2
10.082	 5.64	 3
10.083	 5.50	 3
10.084	 4.99	 4
10.085	 4.88	 5
10.085	 4.83	 4
10.085	 5.31	 4
10.088	 5.25	 2
10.089	 5.43	 2
10.090	 6.01	 5
10.091	 4.83	 3
10.091	 5.50	 2
10.093	 5.00	 4
10.093	 5.19	 4
10.096	 5.03	 2
10.097	 5.34	 3
10.100	 4.85	 3
10.102	 4.91	 2
10.102	 4.88	 2
10.105	 5.03	 2
10.108	 5.03	 2
10.109	 5.34	 5
10.110	 5.63	 3
10.113	 4.83	 2
10.114	 4.83	 2
10.115	 6.68	 3
10.116	 4.90	 4
10.117	 6.41	 3
10.118	 4.96	 2
10.119	 4.87	 3
10.119	 6.28	 2
10.120	 4.98	 4
10.123	 4.94	 2
10.126	 5.57	 5
10.127	 4.99	 2
10.128	 5.53	 2
10.128	 4.99	 2
10.129	 5.68	 4
10.130	 4.96	 2
10.130	 5.09	 2
10.131	 4.99	 4
10.132	 5.00	 2
10.133	 5.95	 2
10.140	 5.37	 4
10.140	 5.38	 5
10.145	 4.92	 4
10.145	 6.07	 2
10.149	 6.26	 4
10.150	 5.30	 5
10.154	 5.42	 3
10.154	 4.97	 4
10.158	 5.20	 2
10.161	 5.18	 3
10.161	 5.63	 2
10.162	 5.00	 3
10.163	 5.23	 2
10.164	 4.85	 4
10.165	 5.36	 6
10.167	 5.31	 3
10.168	 4.95	 2
10.168	 5.00	 2
10.168	 4.83	 2
10.170	 4.94	 2
10.172	 5.14	 2
10.172	 5.14	 3
10.172	 4.92	 2
10.173	 5.20	 2
10.173	 5.02	 2
10.176	 5.86	 2
10.179	 5.20	 2
10.180	 5.22	 4
10.184	 5.13	 4
10.184	 5.21	 2
10.185	 5.27	 3
10.186	 4.98	 4
10.187	 9.06	 2
10.187	 4.90	 3
10.188	 6.95	 3
10.188	 5.44	 3
10.188	 5.03	 3
10.189	 5.97	 3
10.189	 4.87	 3
10.190	 4.88	 3
10.190	 4.96	 3
10.190	 4.96	 3
10.191	 4.88	 2
10.191	 5.49	 3
10.191	 4.90	 3
10.192	 5.03	 3
10.192	 5.19	 3
10.192	 5.28	 3
10.192	 5.11	 3
10.192	 4.83	 3
10.192	 4.89	 4
10.193	 5.26	 3
10.193	 5.03	 3
10.193	 5.70	 3
10.193	 5.14	 3
10.193	 4.90	 3
10.193	 5.13	 3
10.193	 5.41	 4
10.193	 4.83	 3
10.193	 5.34	 3
10.194	 5.03	 3
10.194	 5.05	 4
10.194	 5.28	 3
10.194	 4.89	 3
10.195	 5.94	 3
10.195	 4.94	 3
10.195	 5.03	 3
10.195	 4.98	 4
10.195	 5.04	 3
10.195	 5.11	 2
10.196	 5.70	 2
10.196	 5.31	 3
10.197	 5.88	 3
10.197	 5.34	 3
10.197	 5.00	 3
10.198	 5.96	 3
10.198	 5.49	 3
10.199	 5.31	 3
10.199	 5.35	 3
10.199	 5.74	 3
10.199	 6.05	 3
10.200	 6.05	 3
10.200	 5.37	 3
10.200	 5.12	 3
10.200	 5.34	 3
10.201	 5.34	 3
10.201	 5.06	 3
10.201	 5.26	 3
10.201	 5.43	 2
10.201	 5.48	 2
10.201	 5.23	 3
10.202	 4.88	 3
10.203	 5.05	 3
10.205	 5.00	 5
10.205	 4.92	 3
10.205	 5.16	 3
10.206	 5.58	 3
10.206	 5.08	 3
10.206	 4.91	 3
10.206	 4.93	 3
10.206	 5.02	 3
10.206	 4.87	 3
10.207	 4.97	 4
10.207	 4.97	 3
10.208	 4.96	 3
10.208	 5.45	 3
10.208	 5.11	 3
10.209	 4.86	 3
10.209	 5.21	 3
10.209	 5.60	 3
10.210	 5.24	 3
10.211	 4.85	 3
10.212	 4.90	 3
10.212	 4.89	 3
10.212	 5.45	 3
10.213	 5.68	 2
10.214	 4.92	 3
10.214	 5.88	 3
10.215	 5.16	 3
10.215	 5.44	 3
10.215	 4.94	 3
10.215	 6.04	 3
10.215	 5.05	 3
10.216	 4.91	 3
10.216	 6.50	 5
10.216	 4.93	 3
10.217	 5.06	 3
10.218	 6.76	 2
10.218	 4.87	 3
10.218	 5.26	 4
10.219	 5.12	 3
10.220	 5.25	 6
10.220	 5.62	 2
10.220	 5.01	 3
10.221	 5.24	 3
10.221	 4.82	 3
10.221	 5.55	 2
10.221	 4.82	 3
10.221	 5.03	 3
10.221	 5.13	 3
10.222	 5.30	 3
10.222	 5.20	 3
10.222	 5.24	 3
10.223	 5.88	 3
10.223	 5.28	 3
10.223	 4.84	 3
10.223	 4.94	 3
10.223	 4.82	 3
10.223	 4.92	 3
10.223	 5.85	 3
10.224	 5.58	 3
10.225	 4.84	 3
10.225	 4.87	 3
10.225	 5.55	 3
10.225	 5.32	 3
10.226	 5.16	 3
10.226	 5.05	 2
10.227	 5.48	 3
10.227	 4.86	 3
10.227	 4.90	 3
10.228	 4.85	 3
10.228	 5.43	 4
10.228	 5.06	 3
10.229	 5.00	 3
10.229	 4.89	 3
10.229	 4.90	 3
10.229	 5.65	 3
10.229	 4.87	 3
10.232	 5.06	 3
10.233	 5.05	 3
10.234	 5.06	 2
10.234	 5.06	 3
10.234	 5.08	 3
10.234	 4.97	 3
10.235	 5.15	 3
10.235	 5.44	 3
10.235	 5.31	 3
10.235	 4.94	 3
10.235	 5.32	 3
10.236	 5.37	 2
10.236	 4.99	 3
10.237	 4.99	 3
10.237	 5.55	 3
10.237	 4.88	 2
10.238	 7.21	 3
10.238	 5.82	 4
10.238	 5.06	 3
10.238	 5.30	 3
10.238	 4.97	 3
10.239	 5.20	 3
10.239	 4.92	 3
10.240	 5.15	 3
10.240	 5.04	 2
10.241	 5.63	 3
10.241	 4.97	 2
10.242	 4.94	 2
10.242	 5.23	 4
10.242	 5.01	 3
10.242	 5.15	 3
10.242	 5.15	 3
10.243	 6.28	 3
10.243	 4.89	 3
10.244	 4.96	 4
10.244	 5.85	 4
10.244	 7.08	 3
10.244	 6.76	 3
10.244	 5.01	 3
10.244	 5.84	 2
10.244	 5.32	 3
10.245	 4.99	 3
10.245	 5.72	 3
10.246	 5.28	 3
10.246	 5.94	 3
10.246	 4.84	 4
10.247	 5.07	 3
10.247	 5.57	 2
10.247	 5.89	 3
10.248	 4.84	 2
10.249	 5.48	 3
10.249	 4.90	 2
10.249	 5.87	 3
10.250	 5.49	 4
10.250	 5.63	 3
10.250	 4.82	 2
10.251	 4.88	 3
10.251	 5.12	 3
10.252	 4.97	 3
10.252	 5.95	 3
10.252	 6.51	 3
10.252	 5.81	 3
10.253	 4.88	 4
10.253	 4.95	 3
10.253	 5.54	 3
10.254	 5.08	 3
10.254	 4.97	 3
10.255	 5.14	 2
10.255	 4.84	 3
10.256	 5.01	 4
10.256	 6.29	 4
10.256	 5.19	 4
10.257	 5.06	 3
10.257	 5.14	 2
10.258	 5.62	 2
10.259	 5.42	 3
10.259	 5.09	 3
10.259	 7.12	 3
10.260	 4.98	 2
10.260	 5.51	 3
10.261	 4.85	 3
10.262	 5.40	 4
10.262	 4.85	 3
10.262	 4.99	 3
10.262	 6.21	 2
10.262	 5.36	 3
10.262	 5.07	 3
10.263	 5.05	 2
10.263	 6.39	 3
10.263	 6.94	 3
10.264	 5.45	 3
10.264	 4.91	 3
10.264	 5.14	 3
10.264	 4.98	 5
10.264	 5.73	 3
10.264	 5.27	 3
10.265	 5.24	 3
10.265	 5.02	 3
10.266	 5.12	 3
10.267	 5.77	 5
10.267	 5.15	 3
10.267	 5.74	 3
10.267	 4.99	 3
10.268	 4.83	 4
10.268	 5.22	 2
10.268	 5.06	 4
10.268	 6.19	 3
10.268	 5.00	 3
10.268	 4.94	 3
10.268	 5.75	 3
10.269	 5.21	 3
10.269	 4.94	 3
10.269	 5.15	 3
10.269	 4.93	 4
10.269	 5.03	 4
10.269	 4.82	 3
10.270	 5.10	 3
10.270	 5.41	 3
10.271	 5.83	 3
10.271	 4.89	 3
10.271	 4.96	 3
10.271	 6.23	 3
10.274	 5.48	 2
10.274	 4.87	 2
10.274	 5.56	 3
10.275	 5.24	 3
10.275	 5.49	 3
10.275	 5.30	 3
10.275	 5.53	 3
10.276	 4.93	 3
10.277	 4.97	 3
10.277	 5.29	 4
10.277	 5.39	 3
10.278	 5.01	 3
10.279	 5.41	 3
10.280	 5.35	 3
10.280	 5.23	 3
10.280	 4.91	 3
10.280	 5.12	 2
10.280	 5.58	 3
10.281	 5.14	 3
10.281	 5.38	 3
10.283	 5.20	 3
10.284	 5.45	 3
10.284	 5.58	 3
10.284	 7.13	 3
10.284	 5.33	 3
10.285	 4.95	 3
10.285	 5.40	 3
10.286	 4.89	 3
10.287	 5.08	 3
10.287	 4.91	 3
10.288	 5.14	 3
10.288	 5.08	 4
10.288	 5.70	 3
10.288	 5.62	 3
10.289	 4.91	 2
10.289	 4.86	 3
10.289	 4.97	 3
10.290	 5.46	 3
10.290	 4.94	 3
10.291	 4.98	 3
10.292	 4.98	 4
10.292	 4.87	 5
10.292	 5.30	 2
10.293	 5.02	 3
10.293	 5.36	 3
10.294	 5.13	 4
10.294	 5.06	 3
10.294	 5.61	 3
10.294	 5.30	 3
10.295	 5.56	 4
10.296	 4.84	 4
10.296	 4.88	 3
10.297	 5.28	 2
10.297	 5.43	 3
10.299	 5.09	 3
10.299	 6.12	 3
10.300	 5.05	 3
10.302	 4.83	 3
10.302	 5.03	 3
10.302	 5.55	 3
10.303	 5.04	 3
10.303	 4.95	 3
10.304	 5.34	 3
10.304	 4.90	 3
10.304	 5.27	 2
10.304	 4.96	 3
10.304	 5.65	 2
10.304	 4.90	 2
10.304	 5.22	 3
10.305	 5.08	 3
10.305	 5.65	 4
10.305	 6.12	 4
10.305	 4.82	 3
10.306	 5.02	 3
10.306	 4.90	 3
10.306	 5.06	 3
10.306	 5.28	 3
10.308	 5.25	 5
10.308	 4.86	 3
10.308	 5.31	 3
10.309	 4.83	 3
10.309	 5.64	 3
10.310	 5.58	 3
10.310	 5.00	 3
10.311	 4.96	 2
10.313	 5.06	 2
10.313	 5.13	 3
10.314	 4.86	 3
10.314	 5.26	 2
10.314	 4.89	 2
10.314	 5.38	 3
10.315	 5.50	 3
10.317	 5.32	 5
10.317	 4.83	 4
10.318	 4.99	 3
10.318	 4.91	 2
10.318	 4.90	 3
10.318	 6.85	 3
10.319	 5.05	 2
10.320	 7.60	 3
10.320	 5.62	 4
10.321	 6.10	 3
10.321	 4.99	 4
10.321	 5.14	 3
10.322	 4.87	 4
10.324	 4.93	 3
10.325	 7.34	 3
10.325	 5.30	 2
10.325	 6.51	 4
10.326	 4.90	 3
10.326	 4.98	 4
10.326	 4.92	 3
10.326	 4.83	 3
10.327	 4.93	 3
10.327	 6.11	 3
10.328	 5.23	 2
10.328	 4.85	 3
10.329	 4.94	 2
10.329	 4.83	 4
10.329	 5.31	 3
10.330	 5.02	 4
10.330	 5.89	 4
10.330	 5.03	 3
10.330	 4.91	 3
10.331	 5.13	 4
10.331	 5.80	 2
10.332	 4.99	 3
10.332	 5.64	 3
10.333	 4.94	 2
10.333	 4.96	 3
10.333	 5.63	 4
10.333	 5.73	 3
10.334	 5.53	 4
10.335	 4.87	 3
10.335	 5.42	 4
10.336	 4.96	 3
10.336	 6.71	 3
10.337	 5.22	 4
10.337	 6.03	 4
10.337	 4.92	 3
10.339	 5.64	 2
10.339	 5.08	 2
10.339	 4.83	 3
10.339	 5.50	 5
10.339	 5.87	 3
10.339	 5.06	 3
10.339	 5.39	 4
10.340	 5.30	 4
10.341	 5.42	 5
10.342	 4.94	 2
10.342	 5.25	 4
10.342	 5.10	 3
10.343	 4.83	 5
10.344	 5.40	 2
10.344	 5.53	 3
10.344	 5.27	 3
10.345	 4.88	 3
10.346	 5.20	 3
10.348	 5.29	 2
10.348	 5.46	 3
10.348	 5.33	 3
10.349	 5.83	 2
10.349	 5.11	 3
10.349	 5.77	 3
10.350	 4.89	 4
10.350	 5.07	 3
10.350	 4.89	 2
10.350	 5.12	 3
10.352	 5.72	 3
10.353	 5.59	 3
10.354	 5.73	 3
10.354	 5.13	 3
10.355	 4.91	 2
10.356	 5.62	 3
10.356	 5.58	 3
10.357	 5.31	 4
10.357	 5.03	 4
10.359	 4.88	 2
10.359	 5.27	 2
10.361	 6.05	 2
10.361	 5.25	 3
10.361	 5.37	 4
10.362	 4.93	 3
10.362	 4.96	 3
10.362	 5.00	 3
10.363	 5.38	 3
10.363	 5.09	 3
10.364	 6.37	 3
10.365	 4.84	 2
10.366	 5.67	 3
10.367	 5.35	 2
10.367	 6.04	 4
10.367	 4.83	 4
10.368	 5.69	 4
10.369	 5.04	 3
10.369	 5.36	 3
10.370	 5.39	 3
10.371	 6.61	 3
10.372	 6.17	 3
10.373	 4.93	 3
10.373	 6.20	 3
10.373	 5.68	 4
10.374	 5.07	 2
10.374	 5.24	 3
10.374	 5.06	 3
10.374	 5.02	 3
10.375	 5.08	 3
10.375	 5.52	 2
10.375	 5.74	 2
10.376	 5.34	 3
10.377	 5.01	 3
10.378	 5.68	 3
10.378	 5.03	 3
10.379	 4.82	 2
10.379	 5.09	 2
10.379	 5.18	 2
10.379	 5.13	 2
10.380	 5.01	 3
10.380	 6.05	 3
10.381	 5.08	 4
10.381	 4.90	 3
10.382	 5.11	 3
10.382	 5.23	 3
10.383	 5.99	 3
10.384	 5.17	 3
10.385	 5.45	 4
10.385	 4.86	 3
10.386	 5.13	 2
10.386	 7.29	 3
10.386	 4.91	 3
10.387	 5.53	 4
10.388	 4.87	 3
10.388	 5.15	 5
10.388	 4.97	 3
10.388	 5.14	 3
10.389	 5.37	 3
10.389	 5.44	 5
10.389	 4.97	 5
10.389	 5.03	 3
10.391	 5.01	 1
10.391	 5.17	 2
10.391	 5.24	 2
10.391	 5.05	 3
10.392	 5.01	 4
10.392	 5.07	 4
10.393	 5.52	 3
10.394	 6.61	 2
10.395	 4.86	 3
10.395	 5.06	 4
10.395	 4.87	 3
10.395	 4.99	 2
10.396	 4.85	 3
10.396	 4.86	 3
10.397	 5.25	 3
10.397	 5.28	 3
10.398	 5.65	 3
10.398	 5.64	 3
10.399	 5.11	 4
10.399	 6.23	 3
10.400	 5.10	 3
10.401	 4.90	 3
10.402	 5.63	 3
10.402	 5.07	 5
10.402	 5.10	 4
10.403	 4.96	 3
10.403	 5.54	 5
10.403	 4.97	 3
10.404	 5.27	 3
10.405	 5.01	 4
10.405	 5.17	 3
10.406	 6.09	 3
10.407	 5.72	 3
10.407	 4.99	 3
10.408	 5.08	 3
10.409	 5.11	 3
10.412	 5.19	 4
10.412	 5.11	 3
10.413	 5.04	 4
10.413	 4.95	 3
10.414	 5.02	 2
10.415	 5.09	 3
10.416	 4.85	 4
10.417	 5.45	 3
10.419	 5.65	 3
10.420	 4.90	 3
10.420	 7.38	 3
10.422	 4.83	 2
10.423	 5.20	 3
10.423	 5.59	 3
10.424	 4.94	 4
10.425	 5.12	 2
10.425	 5.74	 2
10.425	 6.00	 3
10.428	 4.94	 3
10.429	 5.12	 3
10.432	 4.97	 3
10.433	 6.50	 2
10.433	 4.89	 3
10.433	 5.43	 4
10.435	 6.15	 4
10.435	 4.94	 5
10.435	 4.90	 3
10.435	 4.89	 3
10.436	 5.85	 3
10.437	 4.89	 4
10.437	 5.19	 3
10.438	 5.43	 3
10.438	 5.05	 2
10.440	 5.59	 4
10.440	 4.88	 2
10.440	 5.61	 2
10.440	 4.85	 2
10.440	 5.11	 3
10.440	 5.49	 5
10.440	 4.90	 3
10.441	 5.64	 2
10.442	 5.01	 3
10.442	 5.82	 3
10.443	 5.19	 3
10.443	 4.89	 6
10.443	 4.89	 4
10.444	 4.94	 3
10.444	 5.28	 3
10.446	 5.12	 3
10.446	 5.33	 4
10.448	 4.91	 3
10.448	 4.86	 4
10.448	 4.88	 4
10.448	 5.45	 5
10.449	 5.19	 3
10.450	 5.00	 4
10.450	 4.89	 4
10.450	 5.23	 3
10.450	 5.36	 3
10.451	 5.21	 3
10.451	 5.50	 3
10.452	 5.42	 2
10.452	 5.81	 4
10.453	 4.86	 3
10.454	 5.68	 3
10.455	 5.11	 2
10.456	 5.06	 2
10.456	 5.34	 3
10.456	 5.20	 5
10.457	 5.54	 4
10.457	 4.98	 4
10.459	 5.25	 3
10.460	 4.87	 3
10.460	 5.52	 3
10.461	 5.75	 4
10.461	 5.36	 3
10.462	 4.89	 3
10.462	 4.92	 3
10.462	 5.98	 3
10.463	 5.09	 3
10.464	 6.04	 3
10.464	 5.41	 3
10.465	 5.63	 4
10.465	 5.03	 2
10.467	 5.58	 3
10.467	 5.11	 3
10.467	 5.16	 3
10.468	 5.13	 5
10.468	 5.73	 4
10.469	 4.95	 4
10.469	 5.46	 3
10.472	 5.72	 3
10.472	 4.99	 3
10.472	 5.21	 3
10.472	 6.49	 2
10.474	 5.93	 4
10.474	 4.99	 4
10.476	 5.48	 4
10.476	 5.64	 2
10.477	 5.01	 3
10.477	 5.20	 4
10.477	 4.95	 5
10.478	 4.87	 2
10.478	 5.94	 3
10.478	 5.18	 2
10.479	 4.99	 4
10.479	 6.24	 3
10.480	 5.20	 4
10.481	 5.36	 3
10.481	 5.32	 2
10.481	 5.34	 3
10.482	 4.91	 3
10.482	 5.27	 3
10.482	 5.83	 4
10.483	 4.92	 4
10.483	 6.93	 2
10.484	 4.94	 4
10.484	 5.33	 2
10.485	 4.92	 2
10.485	 6.31	 3
10.486	 4.89	 3
10.487	 4.86	 2
10.487	 4.94	 4
10.489	 4.92	 4
10.492	 5.32	 3
10.493	 5.59	 3
10.494	 6.33	 2
10.494	 5.38	 3
10.496	 5.81	 2
10.497	 5.66	 3
10.497	 4.93	 4
10.497	 5.32	 3
10.498	 5.07	 5
10.498	 4.91	 4
10.498	 5.19	 3
10.499	 4.99	 5
10.499	 5.34	 2
10.501	 5.03	 4
10.501	 5.85	 4
10.502	 5.14	 3
10.502	 5.02	 4
10.503	 4.85	 3
10.504	 5.10	 3
10.506	 5.40	 3
10.507	 5.42	 2
10.507	 5.32	 3
10.507	 5.38	 3
10.509	 5.20	 3
10.511	 4.84	 4
10.511	 5.19	 3
10.512	 4.82	 3
10.513	 5.00	 4
10.513	 4.90	 3
10.514	 5.32	 3
10.514	 5.27	 2
10.514	 5.29	 4
10.514	 5.02	 3
10.515	 5.08	 3
10.515	 5.14	 3
10.516	 5.66	 3
10.517	 5.78	 4
10.517	 4.84	 4
10.518	 6.00	 2
10.519	 4.90	 3
10.519	 5.15	 3
10.519	 5.30	 3
10.519	 4.82	 2
10.519	 4.90	 3
10.520	 5.61	 4
10.522	 6.65	 2
10.522	 5.72	 4
10.522	 4.89	 2
10.523	 5.54	 2
10.525	 5.20	 4
10.526	 5.22	 3
10.526	 4.99	 3
10.527	 7.54	 3
10.527	 4.96	 3
10.528	 5.42	 3
10.528	 5.55	 4
10.529	 5.06	 3
10.530	 5.02	 2
10.530	 4.90	 3
10.533	 4.90	 2
10.533	 5.86	 3
10.534	 5.13	 3
10.534	 4.99	 4
10.534	 5.45	 5
10.535	 5.02	 4
10.535	 5.22	 4
10.535	 5.35	 4
10.535	 4.98	 3
10.537	 4.93	 2
10.538	 5.39	 3
10.538	 4.87	 3
10.538	 5.30	 5
10.538	 5.64	 3
10.539	 5.33	 4
10.540	 6.25	 3
10.540	 5.14	 3
10.540	 5.02	 2
10.541	 5.56	 3
10.542	 4.94	 2
10.543	 5.30	 4
10.544	 5.03	 3
10.544	 5.26	 2
10.545	 5.13	 3
10.546	 5.19	 4
10.546	 4.86	 3
10.546	 5.32	 4
10.546	 4.83	 4
10.547	 4.95	 2
10.547	 4.86	 3
10.548	 4.92	 3
10.548	 4.86	 4
10.549	 4.88	 3
10.550	 5.54	 4
10.551	 4.99	 3
10.551	 6.28	 4
10.552	 5.23	 3
10.554	 4.86	 3
10.555	 4.99	 3
10.555	 4.82	 3
10.555	 5.09	 6
10.555	 5.41	 5
10.555	 5.80	 2
10.556	 4.89	 4
10.557	 4.85	 3
10.557	 4.87	 3
10.558	 6.07	 3
10.558	 5.13	 4
10.558	 4.91	 4
10.559	 4.99	 3
10.559	 6.05	 4
10.560	 5.24	 3
10.561	 5.02	 3
10.562	 5.52	 3
10.562	 5.40	 3
10.564	 5.72	 2
10.564	 5.09	 4
10.564	 5.51	 3
10.565	 5.26	 3
10.565	 5.03	 4
10.566	 5.26	 2
10.566	 5.78	 3
10.566	 5.11	 3
10.567	 5.23	 4
10.569	 4.88	 3
10.570	 4.99	 5
10.570	 5.08	 2
10.570	 4.95	 3
10.570	 5.53	 3
10.571	 5.24	 3
10.572	 5.28	 4
10.572	 5.71	 3
10.573	 4.94	 4
10.574	 5.19	 3
10.576	 6.66	 3
10.576	 5.08	 3
10.577	 5.16	 3
10.577	 5.33	 2
10.578	 5.27	 4
10.579	 4.90	 3
10.579	 5.58	 2
10.580	 5.23	 4
10.580	 4.97	 3
10.580	 4.98	 4
10.581	 5.01	 3
10.581	 5.23	 4
10.583	 5.09	 3
10.584	 4.84	 3
10.584	 5.03	 3
10.584	 5.26	 5
10.585	 5.21	 3
10.585	 4.91	 3
10.585	 4.93	 4
10.585	 5.18	 3
10.588	 5.30	 4
10.588	 5.05	 2
10.588	 4.91	 3
10.590	 4.91	 2
10.590	 5.80	 2
10.591	 4.87	 3
10.591	 5.09	 2
10.591	 4.83	 3
10.592	 5.67	 2
10.592	 5.22	 7
10.593	 5.28	 2
10.593	 5.00	 2
10.593	 4.98	 5
10.593	 4.95	 3
10.593	 5.30	 4
10.593	 5.09	 3
10.593	 6.06	 3
10.595	 5.97	 3
10.596	 6.36	 4
10.596	 4.87	 3
10.597	 4.88	 3
10.599	 4.93	 4
10.599	 4.85	 3
10.601	 5.65	 3
10.602	 5.05	 2
10.602	 5.90	 2
10.602	 5.35	 5
10.602	 5.13	 3
10.603	 5.25	 3
10.603	 5.23	 3
10.604	 4.90	 3
10.604	 5.53	 6
10.605	 5.50	 2
10.606	 5.00	 3
10.606	 5.18	 3
10.606	 4.85	 3
10.607	 5.18	 3
10.608	 5.11	 2
10.609	 6.65	 6
10.610	 5.78	 3
10.610	 4.87	 4
10.610	 5.19	 3
10.611	 5.08	 4
10.611	 4.95	 2
10.612	 4.93	 4
10.612	 5.77	 4
10.612	 5.32	 2
10.614	 4.97	 4
10.615	 4.97	 5
10.616	 6.86	 3
10.616	 4.90	 3
10.616	 6.05	 3
10.616	 4.94	 3
10.617	 5.26	 3
10.617	 5.03	 5
10.617	 4.99	 2
10.618	 5.08	 2
10.618	 4.96	 3
10.620	 7.93	 4
10.620	 5.17	 5
10.623	 5.01	 3
10.626	 5.51	 3
10.627	 5.05	 4
10.628	 4.88	 3
10.630	 5.14	 3
10.632	 4.93	 5
10.633	 5.98	 5
10.633	 5.02	 5
10.633	 4.85	 3
10.634	 5.18	 4
10.634	 5.43	 5
10.634	 5.68	 3
10.634	 5.45	 4
10.635	 5.82	 5
10.635	 4.89	 4
10.636	 5.04	 3
10.637	 5.38	 4
10.637	 5.19	 5
10.638	 6.40	 3
10.638	 4.90	 2
10.642	 4.89	 3
10.642	 4.93	 4
10.642	 4.96	 3
10.645	 5.03	 4
10.645	 5.21	 4
10.645	 5.19	 5
10.646	 5.10	 3
10.646	 5.09	 2
10.646	 5.41	 5
10.648	 4.90	 4
10.648	 5.01	 2
10.648	 4.83	 3
10.649	 5.08	 3
10.649	 5.25	 2
10.650	 4.97	 5
10.651	 4.90	 4
10.651	 4.84	 4
10.652	 4.82	 5
10.652	 5.55	 4
10.655	 5.24	 2
10.656	 5.46	 3
10.656	 5.22	 2
10.657	 5.62	 3
10.657	 4.87	 5
10.657	 6.08	 4
10.657	 5.11	 5
10.659	 5.13	 4
10.659	 5.56	 3
10.661	 5.22	 6
10.662	 4.89	 5
10.662	 5.53	 5
10.662	 6.62	 3
10.663	 4.89	 2
10.663	 4.92	 4
10.664	 5.39	 4
10.664	 5.04	 3
10.664	 5.01	 4
10.664	 5.14	 3
10.664	 5.69	 5
10.665	 5.91	 5
10.665	 6.71	 3
10.666	 5.67	 3
10.668	 5.03	 2
10.669	 5.40	 2
10.669	 4.88	 2
10.669	 5.01	 2
10.669	 5.82	 2
10.670	 5.10	 6
10.670	 5.07	 4
10.672	 5.93	 3
10.672	 4.84	 3
10.673	 4.88	 2
10.674	 5.17	 3
10.676	 5.11	 4
10.676	 5.63	 3
10.676	 5.99	 5
10.677	 4.87	 3
10.677	 4.86	 4
10.678	 5.17	 5
10.678	 5.04	 3
10.678	 5.71	 4
10.678	 5.23	 2
10.679	 4.88	 5
10.679	 5.00	 2
10.680	 5.66	 3
10.680	 6.00	 2
10.681	 4.94	 4
10.681	 4.85	 5
10.684	 5.15	 5
10.684	 4.93	 4
10.685	 4.90	 3
10.686	 4.90	 3
10.686	 6.39	 3
10.687	 5.16	 3
10.688	 5.51	 4
10.689	 5.73	 2
10.689	 5.67	 4
10.689	 5.02	 5
10.690	 5.61	 5
10.690	 5.10	 4
10.690	 5.06	 3
10.690	 4.85	 3
10.691	 4.97	 4
10.695	 4.90	 2
10.695	 5.04	 3
10.696	 5.55	 3
10.696	 4.92	 4
10.697	 5.25	 2
10.698	 5.97	 3
10.699	 5.12	 2
10.700	 5.17	 3
10.700	 4.95	 4
10.701	 5.13	 4
10.701	 5.54	 3
10.701	 4.84	 3
10.701	 4.96	 5
10.702	 4.83	 4
10.702	 5.04	 3
10.703	 4.85	 3
10.703	 5.31	 2
10.703	 5.39	 3
10.703	 5.40	 4
10.703	 4.87	 3
10.703	 5.50	 4
10.703	 5.32	 2
10.704	 5.12	 4
10.706	 5.99	 4
10.708	 5.51	 3
10.708	 7.42	 3
10.708	 5.86	 4
10.709	 5.02	 3
10.710	 5.30	 3
10.711	 5.43	 3
10.712	 5.16	 6
10.712	 6.23	 5
10.712	 5.39	 3
10.714	 4.93	 3
10.714	 5.57	 2
10.714	 5.03	 3
10.715	 4.95	 4
10.715	 5.18	 4
10.717	 4.87	 2
10.717	 5.32	 4
10.718	 4.99	 3
10.719	 4.90	 3
10.719	 5.16	 4
10.719	 4.84	 5
10.719	 5.00	 5
10.720	 5.59	 2
10.720	 5.00	 3
10.720	 5.00	 3
10.721	 4.98	 4
10.721	 4.85	 4
10.724	 6.30	 3
10.725	 5.48	 3
10.726	 5.07	 3
10.726	 5.38	 3
10.731	 5.47	 5
10.731	 4.86	 5
10.733	 6.04	 3
10.734	 4.88	 3
10.734	 4.87	 2
10.736	 5.56	 3
10.736	 5.17	 2
10.736	 5.14	 3
10.739	 5.42	 5
10.739	 5.44	 2
10.740	 5.29	 3
10.742	 4.89	 4
10.743	 4.90	 5
10.743	 5.03	 3
10.744	 5.16	 3
10.744	 5.01	 3
10.745	 5.06	 3
10.745	 5.21	 3
10.745	 5.56	 3
10.746	 5.05	 4
10.748	 5.22	 4
10.749	 5.11	 3
10.751	 4.82	 5
10.752	 4.93	 2
10.754	 5.16	 2
10.754	 6.10	 5
10.754	 5.18	 2
10.754	 5.02	 4
10.755	 5.07	 2
10.755	 5.12	 6
10.756	 4.87	 4
10.758	 5.07	 4
10.759	 5.08	 3
10.760	 5.34	 4
10.760	 4.94	 3
10.761	 5.66	 5
10.761	 4.86	 3
10.763	 6.64	 3
10.764	 5.61	 2
10.768	 5.44	 3
10.768	 4.82	 3
10.769	 5.65	 3
10.769	 5.10	 4
10.770	 4.86	 3
10.770	 4.90	 3
10.770	 5.25	 3
10.771	 4.89	 3
10.771	 4.87	 4
10.771	 4.83	 3
10.772	 5.37	 2
10.773	 4.96	 2
10.774	 5.57	 2
10.774	 5.38	 4
10.774	 4.99	 3
10.776	 4.88	 3
10.776	 5.07	 3
10.778	 4.88	 3
10.779	 4.83	 4
10.779	 4.88	 4
10.779	 4.92	 4
10.780	 4.94	 4
10.780	 4.97	 5
10.781	 5.10	 3
10.783	 5.28	 4
10.783	 4.96	 5
10.784	 5.35	 4
10.784	 5.00	 3
10.786	 5.46	 3
10.788	 4.90	 2
10.788	 5.31	 4
10.788	 5.64	 3
10.789	 5.03	 3
10.789	 6.37	 3
10.789	 5.12	 5
10.789	 5.28	 4
10.789	 5.34	 2
10.789	 5.16	 2
10.790	 5.28	 5
10.791	 5.26	 3
10.791	 5.19	 3
10.792	 5.16	 2
10.792	 5.19	 4
10.792	 5.28	 2
10.792	 5.29	 2
10.793	 4.83	 4
10.793	 5.12	 4
10.793	 5.91	 4
10.795	 5.13	 3
10.796	 4.86	 3
10.798	 5.77	 3
10.799	 5.08	 2
10.799	 5.22	 3
10.799	 5.05	 4
10.799	 4.99	 4
10.802	 5.69	 2
10.802	 5.68	 3
10.803	 4.92	 2
10.803	 4.90	 3
10.804	 4.96	 3
10.804	 5.55	 3
10.805	 4.89	 3
10.807	 4.92	 5
10.808	 4.93	 5
10.808	 4.82	 3
10.809	 5.67	 2
10.810	 5.29	 4
10.811	 6.30	 3
10.812	 4.99	 2
10.812	 5.01	 5
10.813	 5.33	 4
10.813	 6.69	 3
10.813	 5.44	 4
10.815	 5.37	 3
10.815	 5.30	 2
10.816	 4.90	 4
10.816	 4.91	 2
10.816	 5.23	 3
10.817	 4.99	 2
10.818	 5.54	 3
10.818	 5.16	 3
10.818	 5.18	 3
10.819	 4.90	 3
10.819	 4.82	 2
10.820	 4.85	 3
10.820	 5.52	 4
10.822	 4.87	 4
10.822	 4.82	 3
10.826	 5.85	 4
10.827	 5.18	 2
10.829	 4.96	 2
10.829	 4.94	 4
10.831	 4.85	 2
10.832	 5.05	 5
10.832	 6.35	 2
10.832	 4.85	 4
10.834	 4.88	 4
10.834	 5.04	 3
10.837	 5.63	 2
10.839	 5.41	 3
10.839	 5.26	 3
10.840	 4.97	 3
10.843	 4.97	 4
10.844	 5.86	 3
10.844	 6.12	 5
10.846	 4.93	 2
10.847	 5.39	 3
10.848	 5.37	 2
10.850	 4.86	 3
10.850	 5.80	 2
10.851	 4.94	 4
10.851	 5.13	 3
10.851	 5.68	 4
10.852	 5.02	 4
10.852	 4.99	 2
10.853	 4.84	 4
10.854	 6.24	 2
10.857	 5.27	 4
10.857	 5.50	 3
10.857	 5.20	 3
10.857	 5.09	 2
10.858	 4.95	 4
10.859	 5.67	 3
10.859	 5.47	 3
10.862	 5.63	 3
10.863	 5.03	 4
10.863	 5.29	 5
10.863	 5.72	 3
10.864	 5.30	 3
10.865	 4.83	 3
10.866	 4.82	 5
10.866	 5.06	 3
10.867	 5.83	 2
10.868	 5.60	 3
10.868	 5.02	 3
10.869	 4.83	 3
10.869	 4.84	 2
10.869	 4.99	 5
10.869	 5.02	 3
10.870	 4.96	 2
10.870	 6.90	 4
10.872	 5.45	 4
10.872	 4.97	 3
10.873	 5.08	 3
10.875	 4.95	 2
10.875	 4.83	 2
10.875	 4.89	 4
10.875	 5.02	 4
10.876	 5.10	 5
10.879	 5.34	 4
10.886	 5.07	 4
10.887	 5.06	 3
10.888	 4.88	 4
10.889	 4.87	 3
10.889	 5.53	 4
10.890	 5.04	 4
10.891	 5.92	 4
10.891	 5.03	 2
10.892	 5.59	 3
10.892	 5.10	 3
10.893	 5.21	 4
10.893	 5.36	 2
10.893	 4.84	 2
10.894	 4.96	 4
10.895	 4.88	 3
10.895	 4.97	 4
10.896	 5.06	 3
10.896	 5.05	 3
10.898	 4.87	 2
10.898	 5.21	 4
10.898	 4.85	 3
10.899	 5.21	 4
10.899	 5.36	 4
10.900	 5.85	 2
10.903	 5.08	 3
10.904	 5.54	 5
10.904	 5.61	 3
10.905	 4.83	 3
10.905	 4.90	 6
10.907	 4.93	 5
10.907	 5.57	 3
10.910	 5.15	 3
10.910	 5.21	 3
10.910	 5.03	 5
10.911	 4.89	 3
10.911	 5.12	 3
10.911	 4.87	 3
10.911	 5.50	 2
10.911	 5.20	 5
10.912	 4.86	 3
10.914	 4.90	 4
10.914	 5.49	 4
10.916	 4.96	 5
10.919	 4.87	 5
10.920	 4.83	 2
10.922	 4.98	 3
10.922	 5.03	 3
10.923	 4.96	 3
10.924	 5.26	 3
10.924	 5.28	 3
10.924	 5.15	 3
10.926	 4.85	 5
10.929	 5.95	 5
10.932	 6.39	 2
10.932	 4.94	 3
10.933	 5.80	 3
10.934	 5.45	 2
10.935	 5.04	 3
10.935	 5.28	 4
10.938	 4.90	 5
10.940	 4.99	 3
10.940	 6.17	 4
10.942	 6.10	 4
10.942	 5.56	 3
10.943	 5.02	 3
10.943	 5.05	 5
10.945	 4.99	 4
10.946	 5.37	 5
10.948	 4.96	 4
10.949	 5.30	 3
10.950	 4.94	 3
10.950	 5.01	 2
10.951	 5.16	 2
10.951	 4.97	 3
10.953	 5.42	 2
10.954	 5.61	 2
10.954	 4.85	 3
10.955	 4.84	 2
10.956	 4.94	 4
10.956	 5.61	 4
10.957	 5.42	 5
10.957	 5.14	 6
10.957	 5.88	 5
10.957	 5.74	 4
10.958	 5.46	 3
10.958	 4.82	 3
10.960	 5.62	 3
10.964	 5.36	 4
10.965	 5.25	 2
10.967	 5.12	 4
10.968	 5.16	 3
10.969	 5.78	 2
10.971	 5.11	 2
10.972	 5.44	 3
10.976	 4.97	 2
10.978	 5.52	 4
10.978	 5.05	 3
10.980	 4.95	 5
10.981	 5.08	 4
10.982	 5.44	 3
10.982	 4.94	 3
10.983	 5.07	 3
10.986	 4.83	 3
10.987	 5.17	 3
10.988	 6.02	 5
10.989	 4.85	 3
10.989	 5.00	 3
10.990	 4.96	 4
10.990	 5.51	 5
10.990	 5.07	 3
10.990	 4.98	 3
10.991	 4.83	 4
10.993	 5.19	 2
10.994	 4.98	 5
10.994	 4.88	 2
10.994	 4.96	 5
10.994	 4.95	 3
10.994	 4.83	 4
10.996	 5.16	 5
10.997	 5.58	 6
10.998	 4.91	 3
10.998	 5.47	 6
10.998	 7.05	 3
10.999	 4.92	 5
11.001	 5.10	 3
11.003	 4.90	 4
11.004	 4.93	 3
11.006	 5.32	 3
11.008	 5.60	 4
11.010	 5.68	 3
11.010	 4.92	 4
11.011	 5.40	 3
11.011	 6.86	 4
11.012	 5.93	 3
11.013	 6.99	 6
11.016	 4.89	 5
11.017	 4.88	 2
11.018	 5.11	 2
11.019	 5.04	 4
11.020	 5.07	 3
11.023	 5.05	 3
11.024	 4.88	 4
11.024	 4.86	 2
11.024	 5.04	 7
11.025	 5.03	 3
11.026	 5.21	 3
11.028	 5.34	 2
11.029	 5.55	 5
11.031	 4.84	 2
11.031	 5.37	 3
11.031	 5.74	 4
11.033	 5.27	 3
11.034	 5.06	 3
11.035	 5.60	 5
11.035	 6.60	 5
11.037	 5.65	 3
11.038	 5.90	 2
11.040	 4.83	 2
11.042	 4.92	 4
11.042	 5.34	 2
11.043	 4.98	 2
11.047	 4.83	 3
11.048	 4.98	 7
11.048	 5.12	 2
11.048	 5.20	 6
11.049	 5.13	 6
11.050	 4.93	 3
11.051	 5.73	 5
11.054	 5.16	 3
11.054	 5.82	 2
11.054	 5.47	 3
11.054	 5.17	 2
11.054	 4.87	 3
11.055	 4.92	 3
11.057	 5.54	 3
11.059	 4.87	 4
11.060	 5.54	 4
11.060	 5.71	 2
11.062	 5.24	 3
11.063	 5.26	 2
11.064	 5.34	 4
11.068	 6.16	 3
11.068	 5.04	 3
11.069	 6.07	 3
11.069	 5.09	 4
11.070	 5.07	 4
11.071	 4.89	 5
11.071	 5.04	 5
11.072	 4.90	 3
11.072	 5.20	 4
11.074	 5.65	 3
11.075	 4.84	 3
11.076	 4.97	 4
11.076	 5.90	 3
11.082	 5.12	 3
11.083	 5.07	 2
11.084	 5.99	 5
11.086	 5.07	 3
11.087	 5.99	 3
11.087	 5.41	 3
11.089	 5.51	 3
11.089	 5.05	 3
11.090	 4.97	 2
11.090	 5.00	 7
11.091	 5.81	 4
11.093	 5.20	 2
11.093	 5.01	 2
11.094	 5.10	 4
11.094	 4.94	 3
11.094	 5.07	 3
11.094	 5.09	 2
11.094	 4.86	 3
11.095	 6.18	 2
11.095	 5.49	 4
11.098	 5.55	 4
11.098	 5.05	 3
11.098	 5.98	 3
11.099	 4.99	 3
11.102	 5.22	 4
11.105	 4.99	 2
11.107	 4.82	 2
11.108	 5.10	 4
11.108	 5.21	 2
11.110	 5.70	 6
11.110	 4.82	 5
11.111	 5.33	 5
11.112	 4.90	 3
11.112	 5.65	 5
11.113	 4.85	 2
11.113	 5.13	 4
11.113	 5.04	 3
11.118	 5.39	 2
11.120	 4.94	 3
11.126	 6.88	 3
11.128	 5.11	 5
11.128	 4.84	 3
11.130	 5.42	 4
11.130	 5.48	 4
11.130	 5.38	 4
11.132	 4.96	 6
11.133	 4.91	 2
11.133	 6.92	 2
11.133	 5.43	 4
11.134	 6.06	 4
11.134	 4.83	 2
11.135	 5.07	 3
11.135	 4.97	 5
11.136	 4.91	 3
11.137	 5.00	 4
11.137	 4.98	 4
11.138	 4.95	 3
11.140	 6.07	 4
11.140	 5.29	 7
11.141	 5.44	 3
11.141	 4.87	 5
11.142	 4.98	 3
11.142	 5.62	 3
11.147	 5.37	 3
11.147	 5.29	 3
11.148	 4.84	 3
11.149	 5.16	 2
11.150	 5.01	 5
11.150	 5.15	 4
11.151	 5.23	 4
11.151	 4.93	 4
11.152	 5.44	 5
11.152	 4.86	 3
11.153	 5.02	 2
11.155	 5.20	 3
11.155	 4.98	 3
11.155	 5.52	 5
11.158	 5.06	 2
11.158	 5.09	 2
11.158	 5.01	 3
11.158	 5.32	 5
11.160	 6.21	 3
11.161	 4.84	 2
11.162	 5.58	 3
11.163	 4.97	 2
11.164	 5.13	 3
11.164	 4.85	 3
11.170	 6.58	 3
11.171	 4.85	 3
11.171	 5.45	 3
11.172	 5.14	 5
11.172	 5.20	 5
11.173	 5.55	 4
11.173	 5.18	 5
11.174	 4.96	 3
11.175	 4.90	 3
11.175	 4.90	 4
11.175	 5.07	 2
11.176	 5.00	 2
11.177	 5.19	 3
11.181	 5.37	 4
11.182	 5.21	 3
11.182	 4.90	 4
11.185	 5.60	 4
11.185	 5.34	 4
11.185	 6.32	 2
11.185	 4.98	 3
11.187	 5.11	 3
11.188	 4.89	 7
11.189	 5.14	 4
11.189	 4.84	 3
11.191	 4.87	 4
11.193	 5.23	 3
11.193	 5.47	 2
11.194	 4.88	 3
11.194	 4.95	 2
11.195	 5.16	 2
11.196	 5.43	 3
11.196	 5.39	 4
11.197	 4.97	 5
11.198	 4.84	 4
11.199	 4.96	 4
11.200	 5.56	 2
11.201	 5.05	 3
11.202	 4.90	 3
11.202	 4.87	 4
11.205	 5.03	 4
11.207	 5.55	 4
11.207	 4.93	 7
11.210	 4.89	 4
11.211	 4.87	 3
11.211	 5.21	 6
11.212	 5.50	 3
11.214	 4.97	 4
11.215	 4.84	 2
11.215	 4.87	 4
11.215	 5.35	 3
11.216	 5.34	 2
11.217	 6.32	 4
11.217	 4.88	 2
11.218	 4.96	 4
11.218	 4.90	 3
11.219	 4.83	 3
11.220	 5.00	 4
11.220	 6.31	 4
11.220	 5.12	 3
11.222	 5.97	 5
11.226	 5.34	 5
11.227	 5.26	 3
11.228	 6.07	 2
11.228	 5.94	 5
11.229	 5.20	 3
11.232	 5.13	 4
11.232	 5.13	 4
11.233	 5.30	 3
11.235	 4.84	 2
11.235	 5.69	 4
11.237	 5.20	 2
11.239	 4.88	 6
11.242	 5.54	 4
11.250	 5.06	 2
11.252	 4.90	 4
11.257	 5.25	 4
11.259	 4.83	 5
11.260	 5.29	 2
11.265	 4.83	 3
11.266	 5.19	 4
11.268	 4.87	 3
11.269	 5.41	 4
11.269	 4.86	 4
11.270	 6.10	 3
11.272	 5.04	 5
11.274	 4.91	 4
11.276	 4.91	 2
11.277	 5.95	 4
11.277	 7.13	 3
11.279	 5.02	 3
11.279	 5.38	 3
11.281	 5.70	 2
11.283	 4.83	 3
11.284	 4.83	 4
11.284	 5.39	 3
11.285	 4.88	 3
11.290	 6.35	 3
11.291	 5.48	 4
11.292	 4.93	 3
11.294	 5.20	 3
11.295	 4.92	 3
11.302	 5.03	 2
11.303	 5.78	 2
11.303	 5.30	 5
11.304	 4.87	 3
11.305	 4.97	 2
11.305	 5.35	 2
11.306	 4.95	 2
11.307	 4.87	 3
11.307	 4.93	 2
11.308	 4.92	 5
11.309	 4.86	 5
11.310	 5.31	 3
11.311	 5.45	 3
11.311	 5.42	 4
11.313	 5.19	 5
11.313	 5.22	 2
11.316	 5.13	 3
11.316	 6.08	 2
11.322	 4.83	 3
11.324	 5.01	 3
11.324	 5.69	 2
11.324	 5.44	 5
11.324	 5.02	 3
11.332	 6.36	 5
11.334	 5.51	 2
11.335	 7.26	 2
11.338	 5.25	 5
11.339	 4.91	 2
11.339	 4.90	 4
11.342	 6.00	 3
11.343	 5.37	 3
11.344	 5.44	 4
11.345	 5.13	 3
11.346	 4.96	 4
11.346	 5.28	 5
11.347	 5.04	 4
11.351	 5.26	 3
11.351	 5.87	 2
11.355	 4.98	 4
11.356	 5.06	 5
11.358	 5.19	 3
11.360	 4.86	 2
11.361	 5.03	 2
11.361	 5.66	 2
11.362	 4.85	 6
11.363	 5.16	 3
11.363	 4.88	 5
11.364	 5.12	 4
11.365	 6.23	 4
11.365	 5.31	 3
11.366	 4.96	 4
11.367	 4.88	 2
11.371	 5.60	 5
11.372	 5.28	 3
11.373	 4.83	 3
11.374	 4.93	 3
11.376	 4.86	 3
11.376	 5.01	 6
11.377	 6.35	 2
11.377	 5.82	 3
11.378	 5.05	 3
11.380	 5.13	 3
11.381	 5.34	 3
11.382	 4.97	 4
11.382	 5.51	 3
11.382	 5.50	 3
11.383	 5.18	 2
11.383	 5.61	 3
11.385	 5.31	 4
11.385	 5.47	 6
11.385	 4.85	 5
11.386	 5.42	 6
11.386	 4.90	 3
11.386	 5.91	 3
11.387	 5.39	 4
11.388	 4.90	 3
11.388	 4.89	 3
11.388	 4.85	 3
11.389	 4.88	 5
11.391	 5.63	 3
11.392	 5.01	 3
11.392	 4.91	 4
11.392	 5.51	 3
11.395	 5.06	 3
11.397	 4.92	 4
11.398	 4.90	 2
11.398	 5.59	 3
11.401	 5.05	 3
11.401	 5.95	 2
11.402	 5.22	 4
11.403	 5.02	 2
11.405	 5.00	 2
11.408	 5.24	 3
11.408	 5.35	 2
11.411	 5.51	 4
11.412	 4.84	 7
11.412	 5.25	 2
11.412	 5.09	 5
11.412	 5.17	 4
11.412	 4.97	 3
11.413	 4.90	 6
11.414	 5.20	 2
11.414	 5.06	 2
11.414	 4.87	 2
11.416	 4.98	 2
11.419	 5.21	 4
11.420	 6.76	 5
11.420	 5.17	 3
11.420	 4.92	 4
11.421	 5.24	 3
11.421	 5.03	 2
11.424	 5.02	 4
11.426	 5.04	 3
11.429	 5.14	 4
11.429	 4.85	 3
11.433	 4.93	 3
11.434	 4.83	 3
11.435	 5.51	 4
11.435	 4.88	 3
11.437	 5.16	 5
11.437	 5.75	 2
11.439	 4.88	 3
11.440	 4.83	 3
11.442	 5.08	 3
11.443	 4.94	 4
11.443	 4.90	 5
11.445	 6.12	 2
11.448	 5.04	 3
11.448	 4.95	 3
11.449	 5.26	 3
11.449	 5.11	 4
11.450	 4.93	 5
11.451	 5.06	 3
11.452	 5.20	 4
11.452	 5.20	 3
11.456	 5.12	 4
11.458	 5.02	 5
11.461	 5.92	 5
11.467	 4.86	 3
11.468	 4.89	 2
11.469	 5.58	 2
11.470	 5.15	 3
11.470	 6.02	 3
11.472	 4.84	 3
11.474	 5.20	 6
11.475	 5.96	 3
11.477	 5.36	 3
11.477	 5.32	 3
11.484	 5.70	 5
11.485	 5.22	 3
11.486	 5.99	 3
11.488	 5.09	 3
11.491	 5.23	 5
11.491	 6.23	 2
11.492	 4.95	 2
11.495	 5.03	 3
11.498	 5.14	 5
11.501	 4.97	 3
11.501	 5.04	 3
11.505	 5.21	 3
11.507	 5.19	 3
11.508	 5.24	 4
11.509	 4.83	 2
11.510	 5.45	 3
11.515	 5.00	 4
11.515	 5.00	 3
11.515	 4.85	 3
11.518	 5.37	 3
11.518	 4.95	 3
11.522	 4.87	 5
11.524	 5.57	 2
11.524	 5.21	 2
11.525	 5.40	 7
11.526	 4.96	 2
11.528	 5.25	 4
11.529	 5.14	 2
11.529	 5.08	 3
11.532	 5.27	 3
11.533	 4.86	 6
11.536	 5.14	 3
11.539	 5.15	 3
11.541	 4.83	 3
11.544	 5.01	 3
11.545	 5.33	 2
11.546	 5.68	 3
11.546	 6.60	 3
11.553	 5.25	 4
11.554	 4.98	 2
11.556	 5.13	 4
11.557	 4.99	 4
11.558	 5.36	 2
11.561	 5.63	 7
11.563	 4.97	 3
11.569	 6.39	 4
11.569	 5.29	 2
11.569	 5.22	 3
11.570	 5.09	 2
11.570	 5.18	 4
11.574	 5.10	 3
11.578	 4.86	 3
11.581	 5.11	 2
11.581	 5.19	 2
11.582	 6.22	 2
11.583	 4.91	 4
11.585	 4.85	 5
11.586	 6.54	 4
11.587	 5.24	 3
11.587	 5.28	 4
11.589	 5.01	 3
11.590	 4.83	 3
11.593	 5.99	 3
11.593	 4.89	 5
11.593	 5.01	 5
11.595	 5.11	 4
11.596	 5.53	 5
11.597	 5.47	 4
11.597	 4.99	 2
11.598	 6.03	 3
11.600	 5.36	 4
11.601	 5.58	 4
11.602	 5.08	 2
11.602	 4.85	 4
11.604	 6.35	 5
11.604	 5.40	 2
11.606	 4.96	 2
11.608	 5.10	 4
11.609	 5.26	 2
11.611	 4.93	 2
11.612	 5.07	 8
11.613	 5.60	 3
11.615	 4.84	 5
11.616	 6.70	 4
11.617	 4.83	 4
11.617	 5.37	 2
11.618	 5.42	 5
11.621	 4.95	 5
11.623	 5.22	 4
11.623	 4.95	 7
11.624	 5.26	 2
11.625	 4.91	 3
11.627	 5.07	 4
11.628	 5.01	 2
11.628	 5.63	 4
11.628	 5.05	 3
11.629	 4.86	 6
11.629	 4.83	 3
11.630	 5.25	 6
11.633	 5.63	 3
11.636	 5.36	 5
11.643	 5.35	 4
11.645	 4.88	 3
11.645	 5.35	 4
11.647	 4.95	 4
11.648	 5.36	 2
11.649	 5.56	 3
11.650	 5.06	 3
11.651	 4.83	 4
11.651	 5.58	 2
11.653	 4.82	 4
11.655	 4.90	 5
11.656	 4.94	 3
11.656	 4.99	 2
11.657	 4.99	 3
11.667	 5.15	 5
11.668	 4.92	 4
11.669	 5.10	 5
11.673	 5.14	 3
11.676	 4.97	 5
11.687	 5.54	 6
11.688	 5.73	 3
11.690	 5.16	 3
11.691	 5.25	 4
11.693	 5.98	 5
11.698	 5.10	 4
11.701	 5.06	 3
11.701	 6.41	 2
11.703	 5.93	 5
11.704	 6.09	 3
11.705	 5.24	 2
11.705	 5.04	 3
11.707	 5.31	 4
11.708	 4.99	 5
11.709	 6.42	 2
11.709	 5.30	 3
11.709	 5.12	 3
11.710	 5.48	 3
11.711	 5.80	 3
11.711	 5.23	 3
11.713	 4.97	 2
11.714	 5.20	 3
11.717	 6.28	 3
11.719	 4.85	 2
11.721	 5.06	 4
11.730	 6.06	 5
11.738	 5.85	 3
11.738	 4.92	 5
11.738	 5.01	 5
11.743	 5.03	 3
11.743	 6.03	 3
11.747	 4.99	 4
11.748	 5.12	 2
11.753	 5.15	 2
11.755	 5.14	 5
11.757	 5.34	 5
11.757	 5.77	 2
11.757	 4.97	 3
11.760	 4.85	 4
11.761	 4.84	 3
11.763	 5.02	 4
11.768	 5.12	 4
11.768	 5.19	 3
11.769	 5.19	 3
11.772	 5.89	 2
11.775	 5.04	 5
11.775	 5.77	 4
11.781	 6.21	 4
11.781	 5.69	 5
11.783	 5.02	 5
11.786	 4.93	 4
11.788	 5.05	 4
11.791	 6.00	 3
11.792	 4.94	 7
11.793	 5.05	 2
11.794	 4.83	 5
11.795	 5.16	 4
11.797	 5.10	 2
11.799	 5.04	 3
11.801	 5.53	 3
11.802	 5.00	 2
11.804	 4.83	 3
11.808	 4.88	 5
11.808	 5.63	 4
11.811	 4.98	 4
11.813	 5.01	 3
11.813	 5.14	 5
11.815	 5.67	 4
11.818	 5.27	 4
11.820	 5.08	 3
11.825	 4.92	 4
11.832	 5.05	 2
11.839	 5.15	 3
11.842	 4.96	 2
11.842	 5.36	 2
11.843	 5.73	 4
11.844	 4.86	 2
11.845	 4.89	 5
11.851	 5.12	 2
11.852	 6.13	 4
11.858	 5.34	 4
11.861	 6.13	 4
11.862	 5.01	 3
11.863	 5.00	 4
11.864	 5.03	 3
11.867	 5.01	 6
11.868	 5.02	 2
11.869	 5.27	 5
11.869	 5.23	 2
11.870	 4.90	 2
11.874	 5.46	 5
11.876	 5.16	 4
11.879	 5.75	 4
11.879	 5.43	 4
11.880	 6.24	 3
11.883	 4.83	 3
11.883	 5.27	 7
11.888	 6.11	 3
11.888	 5.48	 3
11.890	 5.89	 3
11.896	 4.98	 4
11.897	 6.79	 3
11.898	 5.29	 5
11.900	 4.91	 3
11.901	 5.01	 4
11.901	 5.67	 3
11.902	 5.22	 4
11.903	 4.95	 3
11.903	 5.18	 4
11.904	 5.41	 3
11.906	 5.18	 3
11.908	 5.30	 5
11.909	 4.98	 3
11.911	 5.48	 4
11.912	 4.92	 2
11.916	 6.34	 3
11.920	 4.82	 2
11.921	 4.97	 2
11.923	 4.92	 3
11.924	 4.91	 6
11.924	 5.87	 5
11.925	 5.33	 4
11.925	 5.44	 3
11.925	 5.02	 3
11.928	 5.56	 2
11.929	 4.94	 4
11.929	 4.86	 4
11.930	 5.13	 4
11.933	 4.95	 3
11.935	 5.15	 3
11.936	 4.97	 4
11.937	 5.27	 5
11.937	 5.29	 3
11.939	 4.88	 3
11.942	 5.00	 5
11.942	 4.88	 2
11.944	 5.54	 3
11.950	 5.10	 4
11.950	 5.17	 4
11.951	 5.16	 5
11.952	 4.85	 2
11.955	 5.51	 6
11.955	 5.30	 2
11.960	 5.06	 2
11.963	 5.06	 4
11.964	 5.16	 4
11.967	 4.94	 3
11.968	 5.46	 2
11.968	 6.45	 3
11.971	 5.01	 4
11.973	 5.19	 3
11.975	 5.07	 6
11.976	 5.51	 3
11.978	 5.02	 5
11.980	 5.67	 3
11.983	 5.00	 2
11.984	 5.00	 4
11.986	 5.27	 3
11.986	 5.58	 4
11.987	 5.78	 2
11.988	 5.64	 4
11.990	 5.28	 2
11.993	 4.94	 3
11.993	 5.02	 8
11.993	 5.01	 5
11.994	 4.83	 6
11.998	 4.90	 2
12.003	 4.93	 4
12.004	 4.96	 3
12.005	 6.57	 3
12.009	 5.11	 5
12.011	 5.73	 6
12.011	 4.84	 4
12.013	 6.88	 5
12.014	 5.04	 3
12.014	 4.96	 2
12.016	 5.00	 4
12.017	 5.86	 6
12.020	 4.88	 6
12.024	 4.97	 2
12.024	 5.00	 4
12.026	 5.34	 6
12.031	 4.90	 3
12.031	 4.83	 4
12.039	 5.33	 4
12.039	 5.86	 4
12.041	 5.83	 3
12.041	 5.07	 2
12.042	 4.85	 2
12.047	 4.97	 3
12.047	 5.02	 2
12.047	 5.23	 3
12.048	 5.09	 3
12.048	 4.83	 2
12.049	 5.70	 3
12.051	 5.77	 3
12.055	 4.86	 3
12.055	 6.77	 2
12.060	 4.92	 5
12.060	 4.97	 3
12.068	 5.04	 5
12.069	 4.84	 3
12.070	 5.28	 2
12.074	 4.86	 3
12.075	 5.30	 2
12.081	 5.24	 3
12.082	 6.32	 3
12.082	 5.55	 3
12.085	 5.48	 4
12.085	 5.18	 5
12.086	 5.09	 7
12.086	 5.52	 3
12.087	 5.65	 4
12.092	 5.89	 3
12.092	 4.89	 5
12.093	 4.84	 4
12.093	 5.13	 4
12.093	 4.97	 2
12.093	 4.84	 3
12.095	 5.25	 5
12.102	 5.66	 3
12.104	 5.61	 2
12.106	 4.85	 3
12.108	 5.26	 3
12.108	 5.39	 2
12.110	 4.88	 3
12.112	 6.44	 3
12.112	 5.15	 3
12.113	 4.86	 2
12.117	 5.58	 3
12.117	 4.83	 6
12.120	 6.45	 4
12.123	 5.93	 3
12.127	 5.01	 6
12.128	 4.91	 2
12.128	 4.90	 2
12.130	 4.95	 4
12.132	 4.95	 5
12.135	 6.60	 3
12.136	 5.04	 6
12.136	 5.16	 3
12.138	 5.05	 2
12.140	 5.35	 2
12.143	 5.07	 4
12.144	 5.14	 5
12.150	 5.84	 2
12.150	 5.22	 3
12.152	 5.39	 2
12.154	 5.25	 3
12.154	 5.10	 5
12.154	 4.86	 5
12.156	 4.86	 4
12.156	 5.08	 4
12.157	 5.25	 2
12.161	 4.92	 6
12.164	 4.86	 3
12.165	 5.80	 3
12.167	 4.89	 2
12.170	 5.02	 3
12.174	 4.98	 4
12.176	 4.87	 2
12.182	 4.93	 4
12.183	 5.09	 3
12.185	 5.23	 2
12.186	 5.39	 3
12.190	 4.95	 4
12.192	 5.27	 3
12.193	 4.82	 3
12.195	 5.42	 3
12.205	 4.89	 5
12.206	 4.91	 3
12.208	 5.25	 4
12.210	 5.37	 2
12.210	 6.00	 3
12.215	 4.90	 3
12.215	 5.87	 5
12.220	 4.85	 5
12.221	 4.93	 6
12.223	 5.16	 4
12.227	 5.04	 3
12.227	 5.69	 2
12.231	 5.51	 5
12.232	 5.62	 4
12.240	 4.91	 2
12.242	 5.01	 4
12.244	 5.71	 3
12.244	 5.48	 4
12.252	 5.87	 5
12.253	 5.08	 4
12.254	 4.83	 4
12.255	 5.05	 6
12.257	 4.91	 3
12.262	 5.31	 4
12.264	 5.02	 3
12.265	 6.60	 4
12.265	 5.17	 2
12.268	 5.13	 3
12.271	 5.28	 2
12.271	 4.85	 3
12.272	 4.86	 7
12.275	 4.97	 3
12.277	 5.29	 3
12.280	 4.82	 2
12.281	 5.42	 3
12.288	 4.97	 3
12.289	 4.98	 3
12.289	 5.21	 4
12.290	 5.22	 2
12.291	 4.98	 4
12.296	 4.84	 3
12.296	 5.37	 5
12.299	 5.41	 3
12.300	 5.61	 5
12.301	 5.10	 3
12.304	 5.35	 3
12.307	 5.34	 3
12.310	 4.96	 3
12.318	 5.11	 4
12.324	 5.17	 5
12.326	 5.77	 4
12.330	 5.67	 2
12.330	 5.31	 5
12.332	 4.86	 2
12.333	 5.43	 3
12.335	 5.77	 3
12.341	 4.97	 2
12.345	 4.99	 4
12.348	 9.01	 3
12.348	 4.97	 4
12.349	 5.20	 4
12.350	 4.92	 4
12.351	 5.30	 4
12.351	 5.67	 4
12.351	 5.90	 4
12.352	 4.83	 4
12.352	 5.07	 5
12.352	 5.49	 4
12.352	 5.12	 6
12.352	 5.69	 4
12.352	 5.78	 4
12.353	 4.92	 4
12.353	 5.55	 3
12.353	 5.14	 4
12.353	 5.22	 4
12.354	 5.04	 4
12.354	 5.79	 6
12.354	 4.98	 4
12.354	 5.71	 4
12.354	 5.08	 4
12.354	 5.27	 4
12.355	 5.70	 4
12.355	 5.05	 4
12.355	 4.90	 4
12.356	 5.00	 4
12.356	 5.13	 2
12.356	 4.85	 2
12.356	 5.18	 4
12.356	 5.39	 4
12.356	 6.80	 4
12.356	 4.84	 4
12.357	 4.96	 4
12.357	 4.93	 4
12.357	 4.84	 4
12.357	 4.98	 4
12.358	 7.28	 4
12.359	 5.60	 4
12.359	 5.27	 4
12.359	 4.86	 4
12.359	 4.97	 4
12.359	 5.11	 4
12.360	 5.15	 4
12.361	 6.06	 4
12.361	 4.88	 4
12.362	 5.54	 4
12.362	 6.00	 4
12.362	 5.18	 4
12.362	 5.20	 4
12.362	 4.91	 4
12.362	 4.89	 4
12.362	 5.18	 4
12.363	 5.75	 4
12.364	 4.99	 4
12.364	 4.86	 4
12.364	 5.48	 4
12.364	 4.93	 4
12.365	 5.14	 4
12.365	 5.30	 4
12.366	 4.83	 4
12.366	 5.09	 4
12.366	 5.97	 4
12.367	 4.95	 4
12.367	 4.91	 4
12.367	 5.65	 4
12.368	 5.18	 4
12.368	 4.90	 4
12.368	 5.66	 4
12.369	 4.89	 4
12.369	 5.70	 4
12.370	 5.17	 4
12.371	 4.99	 4
12.371	 5.41	 4
12.371	 5.36	 3
12.371	 4.97	 4
12.371	 5.17	 4
12.372	 4.93	 5
12.372	 5.14	 4
12.373	 4.98	 4
12.373	 5.41	 4
12.375	 4.95	 4
12.375	 4.96	 4
12.375	 5.05	 4
12.378	 4.90	 4
12.378	 5.32	 4
12.379	 4.86	 4
12.379	 4.96	 4
12.379	 4.82	 4
12.379	 5.23	 4
12.380	 5.02	 4
12.381	 5.66	 2
12.382	 5.54	 4
12.382	 5.34	 4
12.383	 5.88	 2
12.383	 4.84	 4
12.383	 5.00	 4
12.383	 5.33	 4
12.383	 5.46	 4
12.383	 4.95	 4
12.384	 5.50	 7
12.384	 4.83	 4
12.384	 4.84	 4
12.385	 4.85	 4
12.385	 4.99	 4
12.385	 6.38	 4
12.386	 4.93	 4
12.386	 4.84	 4
12.386	 4.82	 4
12.387	 4.96	 4
12.387	 5.22	 4
12.387	 4.93	 4
12.388	 5.04	 4
12.388	 4.96	 4
12.389	 5.17	 4
12.389	 4.84	 4
12.389	 5.15	 4
12.389	 5.06	 4
12.389	 5.46	 4
12.391	 5.10	 4
12.391	 4.85	 3
12.391	 5.13	 4
12.391	 5.18	 4
12.392	 5.35	 4
12.392	 5.16	 4
12.392	 4.84	 4
12.392	 5.18	 4
12.392	 4.90	 4
12.393	 5.50	 4
12.393	 4.98	 4
12.395	 5.91	 4
12.395	 4.85	 5
12.395	 5.63	 5
12.395	 4.97	 4
12.396	 5.76	 4
12.396	 4.82	 4
12.396	 7.60	 4
12.397	 5.74	 5
12.397	 4.93	 3
12.397	 5.09	 4
12.397	 4.83	 4
12.397	 4.84	 4
12.397	 6.85	 4
12.398	 4.85	 2
12.398	 5.17	 4
12.398	 5.04	 4
12.398	 4.99	 4
12.399	 5.06	 4
12.399	 6.39	 4
12.400	 4.89	 5
12.400	 4.84	 4
12.400	 5.79	 4
12.401	 5.21	 4
12.401	 5.21	 4
12.401	 4.97	 5
12.402	 5.79	 3
12.402	 5.37	 5
12.402	 5.11	 4
12.402	 5.01	 4
12.403	 4.93	 4
12.404	 6.06	 4
12.404	 4.99	 4
12.406	 4.95	 5
12.407	 5.39	 4
12.407	 5.07	 4
12.407	 4.82	 4
12.407	 4.94	 4
12.407	 5.02	 5
12.408	 4.99	 5
12.408	 4.89	 4
12.408	 4.86	 4
12.409	 5.04	 4
12.409	 5.31	 4
12.410	 5.25	 4
12.411	 4.90	 4
12.411	 4.90	 4
12.412	 4.93	 5
12.412	 5.05	 4
12.413	 4.97	 2
12.413	 6.01	 2
12.414	 5.27	 4
12.414	 5.03	 4
12.414	 5.55	 4
12.415	 5.37	 4
12.415	 5.38	 5
12.415	 5.30	 3
12.416	 5.23	 4
12.417	 5.47	 5
12.417	 4.99	 5
12.418	 5.68	 4
12.418	 5.61	 4
12.419	 5.24	 4
12.419	 5.34	 5
12.420	 5.54	 5
12.420	 6.60	 4
12.420	 5.02	 2
12.421	 4.92	 5
12.421	 4.99	 4
12.422	 4.96	 3
12.422	 5.08	 4
12.422	 4.84	 4
12.422	 4.93	 3
12.423	 5.41	 4
12.423	 4.85	 4
12.423	 5.17	 4
12.424	 5.81	 4
12.424	 5.23	 2
12.425	 5.31	 2
12.425	 5.08	 4
12.425	 5.00	 4
12.425	 7.06	 4
12.426	 4.84	 4
12.426	 5.29	 4
12.426	 5.74	 2
12.427	 6.40	 4
12.428	 5.04	 4
12.428	 5.01	 3
12.429	 5.28	 5
12.430	 4.96	 4
12.430	 5.34	 5
12.431	 4.91	 4
12.431	 5.13	 4
12.431	 5.80	 4
12.432	 5.22	 4
12.432	 5.57	 4
12.432	 6.30	 5
12.432	 4.94	 4
12.433	 4.82	 4
12.433	 5.04	 3
12.434	 4.96	 4
12.434	 5.10	 6
12.434	 5.03	 4
12.435	 5.18	 4
12.435	 5.98	 4
12.436	 5.30	 4
12.436	 4.97	 4
12.436	 5.24	 4
12.436	 4.88	 4
12.437	 5.44	 3
12.437	 4.82	 5
12.438	 5.50	 4
12.438	 4.89	 5
12.438	 5.17	 4
12.439	 5.27	 5
12.439	 4.93	 4
12.440	 4.90	 4
12.440	 5.90	 5
12.440	 5.27	 4
12.441	 6.22	 4
12.441	 4.84	 4
12.442	 5.13	 4
12.442	 4.83	 4
12.443	 4.99	 4
12.444	 5.58	 5
12.444	 5.63	 4
12.444	 5.38	 5
12.445	 5.03	 4
12.445	 5.14	 3
12.445	 5.04	 2
12.446	 4.85	 5
12.447	 5.05	 5
12.448	 5.43	 4
12.448	 4.90	 4
12.449	 5.03	 4
12.450	 4.93	 4
12.450	 5.75	 4
12.451	 5.10	 4
12.451	 5.02	 4
12.451	 4.85	 5
12.451	 5.19	 4
12.454	 5.09	 4
12.454	 4.92	 4
12.454	 5.11	 5
12.455	 4.97	 4
12.457	 4.83	 5
12.458	 5.12	 4
12.458	 5.13	 5
12.458	 5.02	 5
12.458	 5.11	 4
12.459	 5.10	 4
12.459	 6.44	 4
12.460	 5.19	 5
12.460	 4.98	 4
12.460	 5.07	 5
12.460	 5.36	 4
12.461	 5.49	 4
12.462	 6.57	 4
12.462	 5.50	 5
12.463	 5.31	 4
12.463	 4.90	 4
12.463	 5.84	 4
12.463	 6.14	 2
12.464	 5.39	 3
12.464	 5.88	 4
12.464	 5.65	 2
12.464	 5.74	 4
12.464	 5.23	 5
12.464	 4.97	 4
12.465	 6.58	 4
12.466	 4.85	 4
12.467	 5.63	 3
12.467	 5.30	 4
12.468	 5.02	 4
12.468	 5.13	 4
12.470	 5.16	 4
12.470	 5.14	 4
12.470	 5.18	 5
12.470	 5.19	 4
12.471	 5.12	 4
12.471	 5.04	 6
12.472	 5.31	 4
12.473	 4.83	 4
12.473	 5.48	 5
12.473	 5.25	 4
12.474	 5.33	 4
12.474	 5.59	 3
12.475	 4.95	 4
12.476	 5.71	 4
12.477	 4.97	 4
12.477	 5.00	 4
12.479	 5.63	 4
12.480	 4.85	 4
12.481	 4.88	 4
12.481	 4.97	 4
12.482	 4.89	 2
12.482	 5.18	 4
12.482	 5.17	 4
12.483	 6.22	 5
12.483	 4.93	 4
12.483	 4.91	 4
12.483	 5.63	 2
12.484	 5.18	 4
12.484	 5.19	 4
12.485	 6.03	 4
12.486	 4.91	 4
12.486	 4.99	 4
12.486	 5.09	 5
12.488	 7.97	 3
12.489	 5.47	 4
12.489	 5.56	 4
12.490	 5.52	 4
12.490	 5.89	 4
12.490	 5.24	 3
12.491	 5.11	 3
12.491	 4.90	 4
12.491	 5.39	 4
12.491	 5.48	 2
12.491	 5.64	 4
12.492	 4.87	 4
12.492	 5.69	 3
12.492	 6.22	 4
12.493	 4.98	 4
12.493	 4.93	 4
12.494	 4.87	 4
12.495	 5.68	 4
12.495	 6.06	 4
12.495	 5.21	 4
12.496	 5.00	 5
12.496	 4.87	 5
12.497	 5.74	 4
12.497	 5.00	 4
12.498	 5.12	 4
12.500	 4.97	 4
12.500	 5.44	 5
12.500	 6.00	 4
12.503	 5.26	 5
12.503	 4.88	 3
12.503	 4.87	 3
12.504	 5.74	 5
12.504	 5.69	 4
12.505	 5.36	 4
12.505	 4.85	 4
12.506	 4.84	 4
12.506	 5.51	 4
12.506	 5.37	 4
12.507	 4.82	 4
12.508	 4.84	 5
12.508	 4.86	 4
12.509	 5.21	 4
12.509	 4.88	 4
12.509	 4.83	 3
12.509	 5.72	 4
12.509	 4.91	 4
12.510	 5.60	 4
12.510	 5.04	 4
12.513	 5.30	 4
12.513	 5.07	 2
12.514	 4.95	 5
12.515	 4.94	 4
12.516	 5.08	 4
12.516	 5.27	 4
12.517	 4.86	 4
12.517	 4.98	 4
12.518	 4.87	 4
12.518	 5.70	 2
12.518	 4.93	 4
12.519	 5.40	 4
12.519	 5.66	 4
12.520	 5.30	 4
12.521	 5.37	 4
12.521	 4.99	 4
12.521	 4.93	 4
12.521	 5.09	 4
12.521	 5.05	 4
12.521	 5.10	 4
12.521	 5.48	 4
12.521	 5.26	 2
12.522	 5.00	 4
12.523	 5.19	 3
12.523	 5.68	 5
12.524	 4.85	 5
12.524	 5.55	 4
12.525	 5.57	 4
12.526	 5.85	 2
12.526	 4.98	 4
12.527	 4.95	 4
12.528	 5.62	 4
12.529	 5.42	 4
12.529	 5.09	 5
12.529	 5.05	 4
12.530	 4.89	 4
12.530	 5.59	 5
12.530	 5.88	 4
12.531	 5.14	 4
12.533	 4.86	 4
12.533	 4.93	 4
12.534	 5.28	 3
12.534	 5.31	 4
12.534	 5.32	 3
12.535	 4.83	 4
12.535	 5.04	 4
12.536	 5.49	 4
12.536	 5.18	 4
12.538	 4.91	 4
12.540	 4.93	 3
12.541	 5.40	 4
12.541	 5.44	 2
12.541	 5.18	 5
12.542	 5.23	 4
12.542	 4.87	 3
12.542	 4.90	 4
12.543	 5.02	 4
12.543	 5.36	 3
12.544	 5.31	 4
12.544	 5.82	 4
12.545	 5.39	 4
12.547	 4.91	 5
12.547	 4.82	 4
12.548	 5.16	 2
12.548	 5.40	 2
12.548	 5.08	 4
12.549	 4.92	 4
12.550	 4.98	 4
12.550	 5.43	 4
12.551	 4.94	 4
12.551	 4.94	 4
12.552	 5.06	 5
12.553	 4.97	 4
12.553	 5.41	 4
12.553	 5.33	 4
12.553	 5.13	 4
12.553	 5.05	 5
12.554	 4.89	 4
12.555	 4.95	 4
12.556	 5.92	 3
12.556	 5.58	 3
12.558	 5.06	 4
12.558	 5.59	 4
12.559	 6.33	 3
12.560	 4.99	 2
12.561	 4.84	 4
12.561	 4.85	 4
12.561	 4.84	 4
12.562	 4.89	 3
12.563	 5.18	 4
12.563	 5.08	 3
12.564	 5.05	 5
12.564	 5.11	 4
12.565	 4.99	 6
12.565	 4.89	 4
12.566	 4.89	 4
12.567	 5.08	 4
12.567	 5.00	 4
12.567	 5.18	 5
12.568	 5.24	 4
12.569	 4.83	 4
12.570	 5.02	 4
12.571	 5.30	 4
12.572	 7.28	 5
12.573	 5.63	 4
12.573	 4.95	 3
12.573	 4.86	 4
12.574	 5.11	 4
12.574	 4.83	 4
12.576	 5.05	 4
12.576	 4.86	 5
12.577	 4.90	 4
12.578	 5.08	 4
12.578	 5.02	 4
12.578	 4.95	 3
12.580	 4.84	 4
12.580	 4.96	 6
12.580	 5.01	 4
12.580	 7.00	 5
12.583	 4.98	 5
12.584	 4.82	 4
12.584	 5.17	 5
12.586	 4.97	 4
12.586	 5.33	 5
12.588	 5.42	 4
12.588	 5.51	 4
12.589	 5.40	 4
12.590	 4.88	 4
12.590	 4.99	 4
12.592	 4.94	 4
12.593	 4.92	 4
12.594	 4.93	 5
12.595	 4.97	 3
12.595	 4.83	 6
12.595	 4.85	 4
12.596	 4.88	 4
12.598	 4.87	 4
12.598	 6.44	 3
12.600	 6.64	 2
12.602	 5.03	 3
12.602	 4.87	 4
12.602	 5.10	 4
12.603	 5.49	 6
12.603	 4.92	 4
12.603	 5.18	 4
12.604	 5.35	 2
12.605	 6.89	 4
12.605	 5.37	 5
12.605	 4.82	 4
12.609	 5.72	 5
12.609	 4.86	 4
12.610	 5.52	 6
12.610	 5.03	 4
12.611	 5.44	 4
12.611	 5.45	 6
12.612	 4.89	 4
12.612	 6.64	 4
12.614	 4.87	 4
12.614	 5.01	 4
12.615	 5.30	 4
12.618	 4.99	 4
12.619	 5.09	 4
12.620	 5.21	 6
12.620	 4.88	 4
12.620	 6.55	 5
12.622	 6.41	 4
12.622	 5.66	 4
12.624	 5.13	 6
12.625	 5.09	 4
12.626	 4.88	 3
12.626	 5.27	 4
12.626	 4.86	 6
12.629	 5.11	 4
12.629	 5.32	 3
12.630	 4.92	 1
12.630	 4.84	 4
12.631	 4.95	 4
12.631	 5.49	 4
12.631	 5.15	 4
12.632	 4.82	 4
12.633	 4.93	 3
12.633	 5.47	 5
12.633	 5.07	 5
12.634	 4.92	 4
12.635	 6.07	 3
12.635	 5.04	 3
12.636	 5.38	 4
12.636	 4.95	 4
12.636	 4.91	 4
12.636	 5.11	 7
12.636	 4.85	 4
12.637	 5.00	 2
12.640	 6.14	 7
12.642	 5.07	 4
12.642	 5.31	 4
12.642	 5.66	 4
12.643	 5.17	 3
12.643	 4.86	 4
12.643	 4.96	 4
12.643	 4.99	 4
12.644	 5.11	 4
12.645	 5.49	 2
12.646	 5.37	 4
12.647	 5.19	 5
12.648	 4.96	 4
12.649	 5.05	 2
12.649	 5.11	 5
12.650	 4.93	 4
12.650	 5.11	 3
12.651	 5.42	 4
12.651	 5.67	 3
12.652	 5.01	 5
12.655	 6.76	 4
12.655	 4.84	 4
12.656	 5.06	 4
12.656	 5.20	 5
12.656	 5.14	 2
12.657	 4.84	 4
12.657	 5.53	 4
12.657	 4.83	 4
12.658	 5.09	 6
12.659	 5.01	 4
12.659	 6.19	 2
12.661	 5.20	 3
12.662	 4.88	 4
12.662	 5.34	 4
12.662	 5.24	 3
12.662	 5.21	 5
12.664	 5.14	 4
12.665	 5.38	 5
12.665	 5.31	 4
12.667	 5.24	 4
12.668	 5.69	 4
12.669	 5.54	 5
12.669	 5.46	 5
12.670	 4.95	 4
12.672	 5.08	 5
12.672	 5.39	 4
12.673	 5.43	 4
12.673	 4.92	 6
12.673	 4.83	 3
12.674	 5.42	 4
12.674	 5.07	 5
12.675	 4.98	 4
12.678	 5.07	 4
12.678	 6.43	 5
12.679	 4.94	 4
12.679	 5.45	 3
12.679	 6.10	 5
12.682	 5.06	 2
12.682	 5.67	 3
12.682	 5.16	 4
12.682	 5.19	 4
12.684	 5.88	 4
12.685	 5.17	 5
12.685	 5.48	 4
12.686	 4.96	 4
12.686	 4.94	 3
12.687	 6.16	 6
12.690	 5.18	 4
12.690	 5.44	 3
12.690	 4.90	 4
12.691	 4.94	 2
12.691	 5.40	 4
12.693	 4.90	 4
12.695	 5.13	 4
12.696	 7.70	 4
12.696	 5.25	 4
12.698	 5.00	 4
12.699	 5.26	 2
12.699	 5.24	 3
12.700	 5.11	 4
12.701	 4.94	 4
12.702	 5.63	 5
12.703	 4.82	 4
12.703	 4.84	 3
12.704	 5.26	 4
12.705	 5.14	 3
12.705	 5.05	 4
12.706	 4.96	 4
12.707	 5.04	 5
12.708	 4.85	 4
12.708	 5.59	 4
12.709	 5.14	 4
12.710	 4.89	 4
12.710	 5.22	 3
12.710	 5.35	 4
12.710	 6.12	 4
12.711	 4.86	 3
12.711	 4.86	 6
12.712	 5.04	 4
12.713	 4.90	 4
12.713	 4.93	 4
12.714	 6.47	 5
12.716	 4.89	 4
12.717	 7.56	 4
12.717	 5.02	 4
12.720	 5.15	 5
12.720	 5.37	 5
12.720	 5.03	 4
12.721	 5.16	 5
12.722	 5.08	 5
12.722	 5.95	 5
12.724	 5.74	 5
12.726	 5.06	 5
12.726	 5.07	 4
12.726	 5.71	 4
12.727	 5.23	 4
12.728	 4.87	 3
12.728	 5.35	 3
12.729	 5.31	 4
12.731	 5.10	 3
12.732	 4.90	 4
12.733	 5.16	 5
12.736	 4.87	 6
12.740	 5.26	 4
12.740	 4.97	 5
12.742	 5.04	 4
12.742	 5.02	 4
12.743	 6.05	 3
12.743	 6.15	 3
12.743	 4.88	 2
12.743	 4.97	 4
12.745	 6.63	 4
12.745	 5.63	 5
12.746	 4.86	 5
12.746	 5.84	 5
12.746	 5.11	 4
12.748	 5.03	 4
12.748	 4.90	 2
12.749	 5.41	 4
12.750	 5.06	 4
12.752	 5.15	 5
12.753	 4.86	 5
12.753	 5.60	 4
12.758	 5.15	 5
12.758	 5.08	 4
12.758	 5.03	 4
12.758	 5.14	 4
12.762	 5.04	 4
12.763	 5.10	 2
12.763	 5.40	 4
12.764	 5.38	 3
12.764	 6.02	 5
12.765	 4.96	 5
12.766	 4.91	 2
12.767	 4.98	 4
12.769	 4.85	 4
12.769	 4.99	 4
12.769	 4.95	 3
12.770	 4.89	 3
12.770	 7.42	 5
12.771	 4.88	 4
12.772	 5.37	 4
12.772	 5.10	 5
12.772	 5.01	 2
12.772	 5.07	 4
12.773	 5.68	 5
12.774	 4.96	 4
12.774	 5.18	 6
12.775	 5.53	 5
12.775	 5.59	 6
12.775	 5.11	 4
12.776	 4.82	 3
12.776	 5.03	 4
12.778	 5.02	 6
12.779	 5.53	 4
12.781	 5.64	 4
12.781	 5.24	 4
12.781	 4.92	 4
12.783	 4.83	 4
12.784	 4.97	 4
12.784	 4.95	 5
12.786	 5.19	 5
12.787	 4.89	 6
12.789	 5.06	 2
12.790	 5.69	 4
12.791	 5.67	 4
12.791	 5.17	 6
12.792	 5.07	 5
12.792	 4.86	 4
12.792	 4.88	 4
12.793	 4.90	 4
12.793	 5.44	 5
12.796	 5.31	 5
12.796	 5.31	 5
12.797	 5.58	 4
12.797	 5.08	 2
12.799	 5.08	 5
12.799	 5.32	 4
12.802	 4.88	 5
12.803	 4.83	 4
12.804	 4.95	 6
12.806	 5.91	 4
12.806	 5.16	 5
12.809	 5.46	 6
12.810	 4.94	 6
12.811	 4.99	 3
12.811	 5.16	 5
12.811	 5.40	 4
12.813	 4.86	 3
12.813	 5.07	 3
12.817	 4.91	 2
12.818	 5.73	 3
12.820	 5.65	 2
12.822	 5.02	 2
12.823	 4.99	 5
12.825	 5.19	 4
12.825	 5.31	 6
12.826	 5.46	 6
12.828	 5.03	 2
12.829	 4.90	 5
12.830	 5.08	 4
12.832	 4.87	 4
12.832	 4.92	 4
12.832	 5.85	 4
12.833	 5.17	 5
12.834	 4.86	 6
12.837	 5.18	 4
12.839	 4.86	 2
12.839	 5.11	 4
12.840	 5.30	 4
12.841	 4.99	 6
12.844	 4.89	 2
12.845	 5.01	 4
12.846	 5.17	 4
12.849	 6.88	 4
12.849	 5.36	 4
12.849	 5.50	 4
12.850	 8.36	 5
12.850	 5.42	 5
12.850	 4.99	 6
12.851	 4.87	 3
12.851	 5.34	 3
12.851	 4.93	 4
12.852	 4.84	 5
12.852	 5.33	 6
12.853	 4.98	 6
12.853	 5.09	 6
12.853	 5.05	 3
12.855	 5.34	 3
12.856	 5.48	 4
12.857	 4.92	 6
12.857	 5.26	 6
12.857	 5.96	 6
12.857	 5.40	 6
12.857	 4.84	 4
12.857	 5.06	 5
12.857	 5.43	 4
12.858	 4.93	 6
12.858	 5.21	 6
12.858	 5.03	 6
12.859	 5.01	 6
12.859	 5.21	 6
12.859	 4.86	 7
12.861	 4.83	 4
12.862	 6.00	 4
12.862	 4.93	 4
12.862	 4.92	 4
12.863	 5.85	 5
12.863	 5.45	 4
12.864	 5.16	 4
12.864	 4.82	 2
12.865	 5.24	 5
12.865	 4.93	 4
12.867	 5.77	 4
12.867	 5.71	 6
12.867	 5.21	 6
12.867	 5.04	 4
12.868	 5.12	 6
12.868	 5.05	 3
12.868	 5.00	 6
12.868	 5.25	 4
12.869	 4.90	 5
12.869	 5.07	 2
12.870	 5.19	 5
12.871	 4.94	 6
12.872	 5.24	 6
12.872	 4.87	 5
12.872	 5.44	 4
12.874	 5.04	 5
12.876	 5.01	 4
12.876	 4.92	 4
12.877	 6.24	 6
12.878	 5.41	 4
12.879	 5.37	 6
12.879	 5.87	 4
12.879	 4.92	 6
12.879	 5.82	 5
12.881	 5.28	 6
12.881	 5.47	 4
12.881	 5.50	 6
12.881	 5.42	 4
12.881	 4.83	 4
12.881	 5.45	 4
12.882	 5.17	 4
12.883	 5.30	 4
12.883	 4.90	 4
12.883	 4.90	 2
12.884	 4.83	 6
12.885	 4.91	 6
12.886	 5.27	 4
12.886	 5.69	 4
12.886	 5.78	 5
12.888	 4.86	 5
12.888	 5.25	 4
12.889	 5.16	 6
12.890	 4.86	 4
12.891	 5.37	 6
12.892	 5.23	 6
12.892	 5.29	 4
12.893	 4.85	 6
12.894	 5.04	 3
12.894	 4.99	 6
12.894	 4.93	 6
12.895	 5.27	 6
12.896	 5.28	 4
12.897	 5.80	 4
12.897	 4.91	 6
12.897	 5.21	 4
12.897	 5.31	 4
12.897	 4.84	 4
12.898	 5.11	 6
12.899	 5.49	 5
12.899	 4.97	 5
12.899	 4.90	 4
12.899	 4.88	 4
12.900	 4.91	 5
12.900	 5.72	 5
12.901	 5.31	 6
12.903	 4.95	 3
12.903	 4.89	 5
12.904	 5.99	 4
12.904	 4.89	 4
12.904	 5.40	 5
12.904	 4.92	 3
12.907	 4.87	 6
12.908	 5.32	 6
12.908	 5.00	 5
12.909	 4.97	 4
12.909	 4.96	 4
12.909	 5.36	 3
12.912	 4.93	 4
12.912	 5.98	 4
12.914	 5.53	 3
12.914	 5.86	 4
12.914	 5.68	 4
12.916	 5.36	 4
12.918	 5.59	 5
12.920	 5.69	 5
12.921	 5.01	 6
12.922	 5.45	 6
12.922	 5.23	 4
12.925	 4.90	 6
12.925	 4.99	 6
12.927	 5.40	 5
12.928	 5.07	 4
12.929	 5.36	 4
12.929	 4.83	 5
12.932	 5.53	 4
12.933	 5.46	 2
12.936	 4.89	 3
12.936	 6.75	 6
12.937	 5.77	 6
12.938	 5.05	 3
12.938	 5.61	 6
12.938	 5.41	 5
12.940	 5.32	 4
12.940	 5.51	 4
12.940	 5.08	 6
12.941	 5.11	 4
12.941	 5.03	 2
12.942	 4.89	 6
12.942	 4.90	 5
12.942	 4.85	 4
12.943	 5.91	 4
12.943	 5.46	 5
12.944	 4.88	 4
12.946	 5.39	 3
12.947	 5.14	 4
12.947	 5.90	 4
12.950	 4.83	 4
12.950	 5.09	 4
12.950	 5.67	 6
12.951	 5.26	 6
12.952	 5.12	 6
12.953	 5.08	 4
12.954	 4.82	 6
12.954	 4.95	 4
12.955	 5.19	 4
12.956	 5.09	 4
12.956	 4.85	 4
12.958	 6.00	 7
12.958	 4.96	 3
12.959	 4.89	 5
12.959	 4.89	 6
12.960	 5.04	 4
12.960	 4.85	 4
12.960	 5.86	 6
12.961	 5.28	 4
12.962	 4.86	 4
12.963	 4.83	 6
12.963	 5.38	 5
12.963	 4.91	 5
12.964	 6.47	 3
12.964	 4.98	 2
12.965	 5.72	 6
12.966	 4.95	 4
12.966	 4.83	 5
12.966	 5.05	 7
12.968	 4.83	 6
12.968	 5.24	 4
12.971	 4.98	 5
12.971	 4.85	 6
12.971	 4.84	 4
12.972	 5.74	 6
12.972	 6.09	 3
12.973	 5.19	 4
12.973	 5.45	 4
12.974	 5.08	 5
12.974	 5.19	 6
12.977	 5.84	 2
12.978	 5.23	 2
12.979	 4.83	 6
12.979	 5.19	 4
12.980	 4.96	 3
12.980	 5.03	 4
12.983	 5.22	 6
12.983	 4.88	 4
12.984	 5.25	 6
12.984	 5.34	 5
12.984	 5.16	 4
12.984	 5.02	 3
12.985	 5.47	 6
12.985	 4.95	 6
12.985	 4.94	 4
12.986	 6.16	 4
12.987	 6.43	 4
12.987	 4.96	 6
12.987	 5.39	 4
12.988	 5.07	 5
12.989	 4.91	 6
12.989	 6.23	 5
12.989	 5.41	 5
12.990	 4.87	 6
12.990	 5.03	 3
12.990	 4.88	 2
12.991	 4.83	 4
12.991	 5.37	 4
12.992	 5.28	 4
12.993	 4.85	 4
12.993	 5.09	 2
12.995	 4.89	 6
12.995	 5.28	 4
12.995	 5.62	 5
12.996	 5.16	 6
12.997	 5.12	 2
12.997	 5.39	 7
12.998	 5.13	 4
12.999	 5.07	 4
13.000	 4.84	 6
13.000	 5.32	 5
13.001	 5.21	 4
13.001	 5.19	 7
13.003	 5.12	 6
13.003	 5.07	 6
13.004	 4.86	 4
13.005	 5.22	 2
13.005	 6.48	 4
13.005	 4.97	 4
13.006	 5.18	 4
13.007	 5.37	 5
13.007	 5.02	 4
13.008	 4.95	 6
13.008	 4.96	 5
13.009	 5.65	 6
13.010	 4.87	 4
13.010	 4.85	 6
13.011	 6.61	 6
13.011	 6.05	 4
13.012	 6.50	 5
13.012	 4.84	 6
13.014	 5.44	 6
13.014	 4.97	 6
13.016	 5.17	 4
13.016	 6.20	 3
13.017	 5.21	 4
13.018	 5.11	 3
13.018	 4.83	 6
13.020	 4.94	 6
13.021	 5.00	 5
13.021	 6.07	 6
13.022	 5.13	 3
13.024	 5.57	 5
13.025	 4.99	 6
13.025	 5.26	 5
13.026	 4.98	 6
13.029	 5.92	 4
13.030	 5.04	 2
13.030	 5.28	 5
13.030	 5.94	 6
13.030	 5.58	 4
13.032	 5.09	 5
13.032	 4.89	 5
13.033	 4.90	 4
13.034	 4.97	 5
13.034	 5.11	 6
13.035	 4.89	 4
13.036	 4.96	 5
13.037	 4.98	 7
13.037	 5.89	 6
13.039	 5.06	 6
13.041	 4.97	 4
13.044	 5.04	 4
13.046	 4.91	 5
13.048	 5.71	 6
13.048	 5.18	 5
13.048	 4.98	 4
13.048	 5.19	 4
13.049	 5.46	 5
13.050	 5.56	 3
13.051	 5.40	 2
13.052	 4.87	 5
13.052	 5.03	 4
13.053	 5.39	 3
13.053	 5.03	 3
13.054	 5.67	 4
13.056	 4.86	 4
13.057	 5.18	 4
13.058	 5.23	 4
13.059	 5.64	 4
13.061	 6.05	 6
13.062	 5.76	 4
13.062	 5.17	 4
13.063	 5.30	 5
13.065	 4.84	 4
13.066	 4.89	 4
13.067	 5.81	 7
13.068	 5.45	 6
13.068	 4.89	 4
13.069	 5.04	 6
13.069	 6.18	 7
13.071	 4.96	 7
13.071	 4.86	 3
13.071	 5.51	 3
13.071	 4.93	 4
13.071	 5.30	 2
13.072	 5.33	 5
13.073	 5.04	 3
13.073	 5.02	 4
13.075	 4.85	 6
13.076	 7.12	 6
13.077	 5.34	 3
13.079	 4.82	 3
13.080	 4.92	 4
13.080	 5.48	 4
13.081	 4.99	 3
13.081	 5.30	 5
13.081	 4.85	 4
13.082	 4.92	 3
13.083	 5.00	 3
13.083	 5.35	 6
13.085	 5.50	 4
13.086	 4.90	 3
13.086	 5.15	 6
13.086	 5.19	 7
13.090	 5.45	 4
13.092	 5.38	 6
13.092	 4.87	 6
13.093	 4.90	 6
13.094	 4.87	 6
13.095	 5.15	 3
13.096	 5.29	 4
13.096	 4.93	 6
13.097	 4.89	 1
13.098	 6.33	 4
13.099	 4.86	 4
13.099	 5.00	 6
13.099	 4.82	 4
13.100	 5.28	 4
13.104	 5.38	 4
13.104	 6.07	 7
13.105	 5.63	 4
13.106	 5.03	 4
13.107	 5.30	 5
13.107	 4.97	 6
13.110	 4.90	 4
13.111	 4.97	 4
13.114	 5.58	 6
13.114	 5.50	 5
13.115	 5.11	 5
13.115	 5.03	 4
13.118	 4.99	 4
13.118	 4.91	 4
13.119	 4.89	 7
13.120	 4.87	 4
13.121	 4.86	 3
13.122	 5.10	 7
13.123	 5.32	 5
13.126	 5.07	 4
13.127	 7.24	 5
13.127	 5.13	 4
13.129	 5.01	 5
13.129	 5.35	 4
13.130	 4.91	 5
13.130	 5.74	 4
13.131	 5.25	 3
13.133	 5.16	 6
13.134	 5.35	 5
13.135	 5.28	 2
13.138	 4.97	 6
13.138	 5.21	 3
13.139	 5.04	 4
13.141	 5.47	 6
13.142	 5.04	 4
13.143	 5.20	 5
13.143	 4.98	 6
13.144	 5.33	 6
13.144	 5.09	 4
13.146	 5.41	 5
13.146	 4.97	 2
13.147	 5.17	 4
13.147	 4.93	 5
13.148	 5.00	 6
13.148	 5.09	 3
13.149	 5.25	 4
13.149	 5.09	 4
13.152	 5.80	 6
13.154	 5.05	 4
13.156	 4.88	 6
13.157	 4.94	 4
13.158	 7.16	 6
13.158	 5.20	 5
13.159	 5.00	 6
13.160	 5.52	 7
13.165	 4.97	 4
13.165	 5.37	 3
13.165	 4.95	 2
13.166	 4.94	 2
13.166	 5.11	 4
13.166	 5.86	 4
13.167	 5.92	 5
13.169	 4.95	 3
13.173	 5.74	 6
13.174	 5.66	 4
13.175	 5.51	 4
13.177	 5.62	 5
13.177	 4.91	 4
13.178	 5.60	 4
13.179	 4.83	 4
13.180	 6.00	 2
13.180	 5.57	 3
13.181	 4.84	 6
13.182	 4.95	 3
13.184	 5.06	 3
13.185	 5.41	 4
13.185	 4.88	 3
13.185	 5.35	 4
13.186	 5.17	 5
13.186	 5.06	 3
13.186	 5.22	 4
13.188	 4.98	 4
13.189	 4.89	 4
13.189	 4.83	 6
13.193	 6.10	 5
13.194	 7.08	 4
13.196	 6.17	 5
13.197	 5.27	 5
13.198	 5.22	 5
13.199	 5.15	 5
13.199	 6.66	 5
13.199	 5.10	 6
13.200	 4.90	 3
13.202	 5.34	 6
13.205	 5.39	 5
13.206	 6.13	 4
13.207	 5.11	 6
13.207	 4.87	 4
13.208	 4.98	 4
13.208	 5.23	 7
13.209	 4.91	 6
13.209	 6.39	 6
13.211	 5.78	 7
13.213	 5.62	 5
13.213	 4.89	 3
13.214	 6.91	 5
13.214	 5.07	 5
13.216	 4.92	 4
13.219	 4.90	 4
13.220	 5.77	 4
13.220	 4.92	 5
13.220	 4.85	 4
13.222	 5.02	 6
13.223	 5.31	 3
13.223	 5.18	 4
13.225	 5.18	 6
13.225	 5.42	 4
13.225	 7.33	 5
13.226	 4.96	 6
13.228	 4.97	 6
13.229	 4.99	 7
13.229	 4.97	 6
13.232	 5.02	 6
13.233	 4.93	 5
13.234	 4.89	 4
13.234	 4.83	 3
13.234	 5.09	 6
13.235	 5.36	 5
13.236	 5.62	 5
13.236	 5.09	 6
13.237	 4.91	 4
13.238	 5.48	 4
13.239	 4.91	 5
13.239	 5.03	 6
13.240	 5.37	 5
13.241	 4.87	 6
13.246	 4.95	 2
13.246	 4.99	 7
13.248	 4.84	 4
13.249	 5.20	 4
13.251	 4.85	 7
13.252	 5.63	 6
13.254	 5.15	 3
13.255	 5.06	 7
13.257	 5.76	 4
13.258	 5.06	 5
13.259	 5.16	 4
13.259	 4.90	 5
13.261	 4.95	 5
13.261	 5.25	 4
13.262	 4.94	 6
13.263	 4.96	 5
13.265	 4.83	 4
13.266	 4.98	 6
13.267	 5.80	 4
13.269	 5.30	 6
13.270	 5.45	 4
13.270	 5.10	 2
13.271	 5.59	 6
13.272	 4.99	 4
13.273	 4.87	 6
13.274	 5.92	 5
13.275	 6.07	 4
13.276	 5.12	 4
13.276	 6.68	 5
13.277	 5.41	 2
13.278	 4.89	 4
13.279	 5.19	 5
13.279	 5.99	 3
13.281	 5.08	 6
13.282	 5.07	 4
13.282	 5.31	 3
13.286	 5.13	 4
13.290	 5.57	 4
13.291	 4.86	 4
13.291	 6.48	 4
13.294	 4.96	 2
13.295	 6.00	 2
13.296	 5.31	 6
13.299	 5.05	 6
13.299	 5.27	 5
13.300	 5.28	 3
13.301	 5.43	 5
13.302	 5.93	 5
13.307	 4.94	 4
13.307	 4.94	 6
13.307	 6.16	 6
13.308	 4.97	 5
13.308	 5.22	 6
13.309	 6.01	 4
13.314	 5.03	 6
13.315	 5.15	 2
13.316	 4.95	 4
13.316	 4.90	 5
13.317	 5.28	 4
13.321	 5.00	 5
13.325	 4.89	 5
13.325	 4.95	 6
13.326	 5.04	 5
13.326	 4.89	 4
13.327	 5.21	 4
13.329	 5.12	 5
13.330	 4.91	 2
13.331	 6.04	 4
13.331	 5.01	 4
13.332	 5.08	 4
13.334	 4.87	 4
13.335	 4.91	 4
13.338	 4.97	 3
13.339	 4.87	 6
13.343	 4.98	 5
13.344	 6.16	 2
13.346	 5.46	 6
13.350	 5.14	 6
13.352	 5.07	 4
13.352	 5.14	 3
13.354	 7.46	 6
13.356	 4.96	 4
13.358	 4.90	 6
13.358	 5.74	 5
13.364	 4.98	 6
13.364	 5.02	 5
13.364	 5.14	 8
13.366	 5.35	 3
13.367	 4.88	 5
13.367	 5.29	 4
13.371	 5.02	 5
13.373	 4.97	 6
13.376	 4.83	 4
13.378	 5.11	 2
13.378	 5.28	 5
13.379	 4.86	 4
13.379	 5.18	 4
13.380	 6.11	 3
13.381	 4.97	 4
13.381	 5.02	 5
13.381	 5.51	 7
13.383	 4.88	 6
13.385	 5.08	 3
13.386	 5.10	 2
13.387	 5.35	 3
13.390	 5.29	 4
13.391	 5.11	 7
13.392	 5.19	 4
13.394	 4.82	 5
13.395	 6.24	 4
13.396	 5.82	 4
13.396	 5.97	 7
13.396	 4.96	 3
13.397	 5.41	 7
13.397	 4.86	 5
13.403	 4.93	 5
13.405	 5.64	 4
13.405	 4.90	 7
13.407	 5.14	 5
13.411	 5.34	 4
13.412	 5.22	 5
13.412	 5.06	 3
13.415	 5.58	 5
13.415	 5.07	 5
13.415	 5.01	 1
13.415	 5.10	 6
13.416	 5.71	 4
13.419	 5.15	 2
13.421	 5.44	 5
13.421	 5.06	 6
13.422	 5.52	 4
13.423	 5.10	 4
13.425	 6.06	 3
13.429	 5.73	 4
13.431	 4.95	 4
13.431	 5.07	 2
13.432	 5.48	 2
13.434	 5.18	 5
13.434	 5.04	 3
13.435	 5.23	 6
13.436	 5.39	 8
13.436	 6.12	 3
13.436	 4.86	 8
13.441	 5.49	 4
13.441	 5.30	 4
13.443	 5.38	 4
13.446	 5.43	 4
13.448	 5.26	 4
13.448	 5.10	 5
13.449	 4.97	 4
13.451	 5.02	 6
13.452	 6.22	 4
13.452	 5.74	 4
13.453	 4.83	 4
13.453	 6.03	 4
13.458	 5.37	 7
13.460	 5.74	 7
13.461	 4.83	 3
13.463	 5.70	 5
13.464	 5.06	 5
13.464	 5.56	 4
13.465	 5.38	 4
13.467	 5.01	 4
13.467	 5.67	 2
13.468	 4.91	 4
13.468	 5.00	 6
13.472	 5.10	 4
13.472	 5.14	 2
13.472	 5.05	 4
13.473	 5.33	 2
13.473	 5.63	 4
13.474	 4.92	 7
13.476	 5.01	 5
13.479	 5.25	 4
13.480	 4.98	 5
13.481	 4.91	 2
13.482	 5.16	 2
13.483	 4.84	 3
13.483	 5.08	 6
13.483	 5.16	 7
13.483	 5.19	 6
13.484	 5.00	 7
13.486	 5.37	 8
13.488	 4.90	 4
13.489	 5.03	 6
13.489	 5.26	 4
13.491	 5.00	 4
13.492	 4.84	 4
13.494	 5.54	 7
13.494	 5.17	 5
13.496	 5.08	 4
13.497	 5.02	 2
13.498	 5.05	 5
13.499	 4.96	 4
13.501	 4.84	 4
13.502	 5.36	 4
13.507	 5.14	 7
13.508	 4.97	 6
13.508	 6.45	 4
13.511	 5.03	 4
13.512	 5.26	 8
13.512	 5.39	 2
13.513	 4.82	 7
13.514	 5.24	 4
13.515	 7.33	 6
13.515	 4.95	 3
13.517	 5.03	 4
13.517	 4.97	 7
13.518	 6.21	 6
13.520	 4.87	 2
13.522	 5.26	 2
13.525	 4.87	 4
13.529	 4.98	 5
13.531	 5.56	 4
13.532	 4.92	 4
13.532	 6.03	 6
13.534	 4.95	 3
13.536	 5.40	 4
13.536	 5.20	 4
13.536	 5.10	 5
13.536	 5.15	 6
13.537	 5.22	 6
13.537	 5.11	 3
13.538	 5.44	 5
13.538	 5.62	 2
13.539	 5.07	 6
13.541	 5.38	 6
13.543	 5.29	 2
13.543	 4.88	 7
13.547	 5.49	 7
13.549	 4.86	 3
13.550	 4.87	 6
13.550	 4.86	 5
13.551	 6.86	 5
13.552	 5.71	 6
13.555	 4.83	 6
13.555	 4.89	 6
13.557	 4.89	 2
13.558	 5.00	 6
13.559	 5.40	 4
13.560	 5.28	 4
13.562	 5.24	 3
13.563	 4.90	 3
13.565	 5.23	 5
13.565	 5.95	 6
13.568	 5.18	 6
13.569	 5.66	 4
13.571	 5.50	 3
13.572	 5.07	 4
13.574	 5.17	 6
13.576	 5.36	 6
13.578	 4.85	 4
13.583	 5.04	 4
13.584	 6.64	 2
13.585	 6.40	 4
13.587	 5.20	 4
13.588	 4.93	 5
13.589	 4.93	 6
13.589	 4.84	 4
13.590	 5.08	 4
13.590	 4.99	 4
13.590	 5.60	 2
13.592	 5.12	 2
13.592	 5.48	 4
13.593	 4.90	 5
13.594	 5.37	 2
13.596	 5.55	 4
13.596	 4.88	 6
13.597	 5.12	 2
13.598	 5.09	 5
13.600	 4.83	 2
13.601	 4.86	 2
13.603	 5.47	 7
13.605	 5.02	 7
13.606	 5.62	 4
13.610	 4.88	 5
13.613	 5.40	 4
13.613	 5.27	 5
13.614	 5.61	 4
13.615	 5.89	 2
13.616	 4.84	 4
13.618	 6.44	 3
13.619	 5.77	 2
13.620	 4.98	 3
13.621	 4.96	 5
13.623	 4.93	 4
13.623	 4.90	 6
13.624	 5.02	 4
13.624	 4.89	 4
13.624	 5.47	 4
13.626	 5.27	 4
13.628	 4.89	 5
13.628	 5.11	 4
13.633	 5.45	 4
13.633	 5.06	 4
13.636	 4.89	 7
13.640	 5.11	 4
13.640	 5.05	 4
13.641	 5.21	 5
13.643	 6.23	 4
13.643	 5.02	 4
13.648	 5.09	 4
13.648	 5.24	 7
13.650	 5.56	 7
13.651	 4.92	 4
13.652	 4.84	 4
13.655	 4.91	 4
13.657	 5.08	 4
13.658	 7.61	 5
13.658	 4.83	 4
13.659	 4.92	 3
13.660	 5.21	 4
13.665	 4.87	 5
13.666	 5.03	 6
13.666	 4.89	 5
13.666	 5.57	 4
13.668	 5.09	 6
13.669	 5.40	 3
13.670	 4.87	 6
13.670	 5.08	 6
13.672	 4.89	 4
13.672	 5.47	 2
13.675	 4.88	 6
13.676	 4.83	 7
13.676	 4.88	 6
13.677	 5.33	 4
13.677	 5.02	 6
13.677	 4.94	 2
13.677	 4.90	 4
13.677	 5.42	 6
13.682	 5.05	 6
13.683	 5.01	 4
13.684	 5.23	 7
13.688	 5.55	 4
13.689	 4.90	 5
13.690	 5.94	 5
13.692	 5.25	 3
13.692	 5.29	 4
13.693	 5.23	 4
13.693	 5.29	 7
13.694	 4.83	 3
13.694	 5.05	 6
13.695	 4.83	 4
13.696	 5.48	 6
13.697	 5.02	 4
13.697	 4.84	 4
13.699	 5.08	 5
13.699	 4.88	 5
13.700	 5.19	 4
13.701	 5.60	 4
13.701	 4.97	 4
13.702	 5.46	 5
13.703	 4.98	 2
13.704	 4.88	 5
13.706	 5.43	 4
13.709	 5.26	 6
13.711	 5.46	 4
13.712	 5.24	 6
13.713	 6.24	 3
13.713	 5.11	 6
13.714	 4.85	 7
13.715	 5.76	 6
13.717	 6.01	 7
13.718	 4.89	 3
13.719	 5.36	 6
13.719	 4.91	 2
13.720	 5.59	 4
13.720	 5.47	 5
13.721	 4.98	 6
13.724	 5.48	 6
13.727	 5.08	 6
13.728	 5.06	 5
13.728	 5.36	 6
13.730	 4.85	 4
13.730	 4.85	 6
13.730	 6.60	 7
13.731	 5.05	 5
13.733	 4.92	 2
13.734	 4.95	 4
13.736	 5.04	 7
13.737	 4.82	 5
13.737	 5.66	 4
13.738	 5.01	 2
13.742	 5.07	 4
13.743	 4.98	 6
13.744	 5.20	 4
13.745	 5.04	 7
13.748	 4.90	 2
13.749	 5.16	 5
13.750	 5.23	 4
13.750	 5.20	 4
13.750	 5.19	 5
13.751	 5.05	 6
13.753	 5.14	 4
13.755	 5.02	 5
13.755	 6.04	 5
13.755	 5.09	 6
13.757	 5.72	 4
13.757	 6.13	 4
13.759	 4.96	 6
13.760	 4.91	 4
13.760	 4.96	 6
13.760	 5.75	 7
13.762	 4.91	 5
13.765	 5.77	 5
13.766	 5.32	 2
13.767	 4.93	 6
13.768	 4.83	 3
13.768	 4.97	 4
13.769	 5.12	 5
13.770	 5.23	 6
13.772	 5.05	 6
13.773	 5.53	 5
13.773	 5.21	 8
13.773	 6.13	 3
13.777	 4.96	 6
13.778	 5.42	 4
13.778	 5.42	 2
13.779	 4.94	 4
13.779	 7.19	 6
13.781	 4.95	 2
13.787	 4.85	 4
13.787	 5.83	 6
13.788	 4.90	 4
13.788	 6.89	 6
13.789	 4.88	 3
13.790	 5.39	 4
13.799	 4.94	 4
13.800	 5.40	 5
13.801	 4.87	 7
13.804	 5.01	 6
13.805	 4.82	 4
13.805	 4.93	 3
13.806	 4.84	 3
13.806	 5.95	 7
13.808	 5.44	 6
13.808	 5.41	 4
13.810	 4.96	 4
13.811	 5.21	 5
13.813	 6.59	 6
13.814	 5.02	 4
13.818	 6.21	 7
13.818	 5.08	 3
13.819	 4.94	 4
13.819	 4.85	 6
13.821	 5.01	 4
13.822	 5.58	 6
13.822	 4.88	 4
13.824	 5.67	 5
13.824	 4.95	 4
13.825	 4.83	 6
13.830	 5.16	 4
13.831	 4.84	 2
13.833	 5.52	 5
13.834	 5.74	 6
13.834	 5.49	 7
13.836	 4.87	 5
13.838	 5.53	 4
13.839	 4.88	 2
13.840	 5.40	 5
13.841	 4.97	 4
13.842	 7.12	 3
13.843	 5.11	 2
13.845	 6.21	 6
13.846	 5.15	 7
13.847	 5.05	 4
13.848	 6.02	 6
13.850	 6.60	 4
13.851	 5.06	 3
13.851	 6.58	 5
13.851	 5.00	 4
13.852	 5.19	 6
13.853	 5.23	 7
13.853	 4.83	 6
13.853	 5.10	 7
13.854	 4.96	 2
13.856	 5.21	 2
13.859	 5.12	 4
13.860	 5.24	 6
13.860	 5.04	 4
13.862	 5.06	 8
13.862	 5.29	 3
13.864	 5.42	 5
13.866	 7.98	 6
13.868	 6.30	 5
13.868	 5.00	 4
13.869	 4.87	 5
13.870	 4.83	 4
13.870	 5.14	 7
13.871	 4.91	 4
13.872	 5.50	 3
13.873	 6.15	 4
13.874	 5.08	 4
13.875	 5.01	 7
13.875	 5.45	 4
13.875	 4.95	 5
13.875	 4.85	 7
13.875	 5.10	 7
13.877	 5.37	 8
13.881	 5.29	 6
13.881	 4.85	 6
13.882	 4.89	 6
13.884	 4.96	 3
13.885	 4.96	 7
13.887	 6.64	 8
13.889	 4.87	 7
13.889	 5.40	 5
13.889	 5.52	 7
13.890	 4.86	 3
13.892	 4.93	 5
13.892	 5.35	 3
13.893	 5.37	 7
13.893	 4.90	 3
13.893	 5.51	 4
13.895	 7.65	 7
13.896	 5.04	 6
13.897	 5.34	 6
13.899	 5.07	 6
13.899	 4.86	 7
13.900	 5.09	 4
13.903	 4.84	 4
13.903	 6.46	 5
13.904	 4.96	 8
13.909	 4.90	 8
13.910	 5.06	 7
13.910	 5.19	 8
13.912	 5.65	 5
13.913	 5.55	 4
13.914	 6.19	 4
13.914	 5.11	 8
13.915	 5.06	 4
13.915	 5.04	 7
13.915	 5.09	 4
13.916	 7.59	 4
13.916	 4.82	 7
13.916	 5.43	 3
13.916	 4.96	 3
13.917	 5.12	 5
13.917	 5.17	 6
13.919	 5.18	 4
13.920	 5.43	 6
13.921	 5.68	 7
13.922	 4.99	 3
13.925	 5.08	 4
13.925	 5.69	 8
13.926	 5.53	 5
13.928	 5.97	 7
13.930	 4.93	 6
13.934	 6.40	 2
13.934	 5.03	 3
13.935	 5.17	 4
13.935	 5.17	 7
13.937	 5.46	 7
13.941	 5.36	 7
13.942	 5.91	 3
13.943	 5.03	 6
13.943	 4.99	 9
13.943	 4.85	 4
13.945	 4.83	 8
13.946	 5.11	 5
13.947	 5.15	 4
13.947	 4.88	 2
13.947	 5.30	 9
13.950	 4.90	 7
13.951	 5.34	 3
13.952	 5.48	 3
13.953	 5.10	 5
13.954	 5.40	 4
13.954	 5.60	 7
13.958	 5.21	 2
13.959	 4.86	 6
13.960	 5.30	 7
13.960	 5.10	 3
13.961	 5.30	 2
13.961	 5.29	 3
13.962	 5.01	 4
13.962	 5.57	 6
13.963	 4.92	 4
13.963	 5.37	 9
13.964	 5.16	 8
13.965	 5.39	 5
13.965	 4.86	 8
13.966	 5.46	 4
13.966	 5.72	 5
13.966	 5.32	 5
13.966	 5.38	 5
13.967	 5.32	 2
13.968	 4.82	 8
13.969	 5.37	 8
13.972	 5.14	 2
13.973	 5.08	 7
13.973	 5.23	 4
13.973	 4.91	 6
13.974	 5.02	 6
13.975	 4.91	 8
13.975	 5.40	 7
13.976	 5.09	 2
13.976	 5.49	 5
13.977	 4.92	 4
13.977	 4.85	 6
13.978	 5.64	 7
13.980	 5.11	 7
13.981	 5.34	 5
13.982	 4.95	 7
13.983	 4.91	 3
13.984	 4.87	 5
13.986	 4.95	 6
13.988	 5.28	 6
13.988	 4.83	 4
13.988	 5.90	 6
13.989	 5.27	 6
13.990	 4.96	 8
13.991	 5.58	 5
13.992	 4.95	 8
13.999	 5.57	 5
14.000	 5.50	 4
