# Simulation 906
# RelativeTime(days) Magnitude Generation
Time Mag Gen
7.086	 4.41	 1
7.303	 4.07	 1
7.375	 4.13	 1
7.610	 4.10	 1
7.638	 3.84	 1
7.772	 4.97	 1
7.814	 3.96	 1
7.832	 3.87	 1
7.851	 4.36	 1
8.236	 4.16	 1
8.458	 3.90	 1
8.480	 4.13	 1
8.532	 4.09	 1
8.745	 7.71	 2
8.745	 5.12	 3
8.746	 4.57	 3
8.747	 4.01	 3
8.747	 3.91	 3
8.747	 4.15	 3
8.748	 4.92	 3
8.748	 4.02	 3
8.749	 4.38	 3
8.749	 3.95	 3
8.749	 4.52	 3
8.751	 3.98	 3
8.752	 4.71	 3
8.753	 3.85	 3
8.753	 4.30	 3
8.753	 4.72	 3
8.755	 4.00	 3
8.755	 3.84	 3
8.755	 4.03	 1
8.755	 4.06	 3
8.756	 3.91	 3
8.758	 4.07	 3
8.758	 4.46	 3
8.759	 4.17	 3
8.759	 4.02	 3
8.763	 4.11	 3
8.763	 4.43	 3
8.766	 4.34	 3
8.766	 4.93	 3
8.767	 3.88	 3
8.767	 4.71	 3
8.768	 3.86	 3
8.768	 3.84	 3
8.768	 4.27	 3
8.769	 3.88	 3
8.771	 3.97	 3
8.773	 6.30	 3
8.774	 4.14	 4
8.774	 3.87	 3
8.774	 4.26	 3
8.774	 3.89	 3
8.774	 4.40	 4
8.775	 3.89	 3
8.775	 5.26	 3
8.776	 4.06	 3
8.777	 4.06	 3
8.777	 3.97	 4
8.778	 4.01	 3
8.781	 3.94	 1
8.781	 4.59	 3
8.785	 4.49	 3
8.786	 4.26	 3
8.787	 4.96	 3
8.790	 3.95	 3
8.790	 4.51	 3
8.792	 4.28	 3
8.794	 3.83	 3
8.794	 4.60	 3
8.795	 5.45	 3
8.795	 4.14	 3
8.795	 3.86	 3
8.796	 4.03	 3
8.798	 3.83	 3
8.799	 3.82	 3
8.799	 4.32	 3
8.800	 4.40	 3
8.800	 4.48	 3
8.800	 4.29	 4
8.802	 3.88	 3
8.805	 4.10	 3
8.807	 3.90	 3
8.811	 3.86	 4
8.811	 4.31	 3
8.812	 4.09	 3
8.814	 3.92	 3
8.815	 4.47	 3
8.817	 3.92	 3
8.817	 4.24	 3
8.818	 3.97	 3
8.820	 3.85	 3
8.823	 4.28	 3
8.825	 4.07	 4
8.826	 4.01	 3
8.827	 4.22	 3
8.827	 4.58	 3
8.828	 4.02	 4
8.830	 4.30	 3
8.831	 4.17	 4
8.831	 4.18	 4
8.833	 3.92	 3
8.836	 4.32	 3
8.837	 4.27	 3
8.838	 4.67	 3
8.838	 4.00	 4
8.840	 3.93	 3
8.840	 3.94	 3
8.841	 4.75	 4
8.851	 4.84	 3
8.854	 4.06	 3
8.854	 3.87	 3
8.855	 4.31	 3
8.857	 4.36	 1
8.858	 3.84	 3
8.860	 4.42	 3
8.862	 4.37	 3
8.865	 3.99	 3
8.868	 4.06	 4
8.869	 3.85	 3
8.869	 4.15	 3
8.872	 5.18	 3
8.873	 3.97	 3
8.875	 4.11	 3
8.876	 4.38	 3
8.876	 4.09	 3
8.876	 4.10	 3
8.877	 4.55	 3
8.878	 3.95	 3
8.882	 4.76	 3
8.882	 4.23	 3
8.884	 3.82	 4
8.885	 3.83	 3
8.891	 4.40	 3
8.893	 3.87	 3
8.896	 4.29	 3
8.897	 4.45	 3
8.897	 3.85	 3
8.902	 3.87	 3
8.906	 3.87	 3
8.919	 4.24	 3
8.919	 3.93	 3
8.920	 3.94	 3
8.920	 5.07	 3
8.922	 5.87	 3
8.923	 3.85	 3
8.925	 4.21	 3
8.929	 4.84	 3
8.930	 3.90	 3
8.932	 3.92	 3
8.935	 4.30	 4
8.937	 4.02	 3
8.945	 4.05	 3
8.946	 4.41	 3
8.962	 4.27	 3
8.962	 4.08	 3
8.965	 4.21	 3
8.967	 3.87	 3
8.974	 3.87	 3
8.975	 4.91	 3
8.975	 4.09	 4
8.977	 3.86	 3
8.981	 3.95	 3
8.988	 3.88	 3
8.994	 3.86	 3
8.996	 3.88	 3
8.997	 4.06	 3
9.003	 3.87	 3
9.003	 4.28	 3
9.004	 3.95	 3
9.006	 4.20	 3
9.006	 3.99	 3
9.007	 4.05	 3
9.010	 5.41	 3
9.010	 5.02	 3
9.015	 3.85	 1
9.018	 4.01	 3
9.019	 3.85	 3
9.023	 3.96	 3
9.025	 4.22	 3
9.028	 3.82	 3
9.028	 4.57	 3
9.029	 4.12	 3
9.039	 4.22	 3
9.039	 4.11	 3
9.050	 3.97	 3
9.055	 4.21	 3
9.056	 4.41	 3
9.057	 4.51	 3
9.058	 4.23	 5
9.073	 4.12	 3
9.077	 4.16	 3
9.080	 3.87	 3
9.082	 4.08	 3
9.084	 4.97	 3
9.084	 4.61	 3
9.085	 4.01	 3
9.087	 4.69	 3
9.089	 4.42	 3
9.097	 4.18	 3
9.105	 3.84	 4
9.108	 4.00	 3
9.112	 4.19	 4
9.114	 3.89	 3
9.115	 4.14	 3
9.116	 3.92	 3
9.130	 4.80	 3
9.148	 5.33	 3
9.149	 3.89	 3
9.150	 4.05	 3
9.153	 4.89	 3
9.155	 3.92	 3
9.156	 4.28	 3
9.158	 4.64	 3
9.164	 4.10	 3
9.178	 4.78	 3
9.181	 3.93	 3
9.187	 4.30	 3
9.188	 4.30	 4
9.197	 4.92	 1
9.200	 4.54	 4
9.210	 4.07	 3
9.212	 4.75	 3
9.216	 3.95	 3
9.222	 3.94	 4
9.232	 4.27	 3
9.238	 4.56	 4
9.246	 4.02	 3
9.248	 4.30	 3
9.248	 3.92	 3
9.251	 4.09	 3
9.251	 4.03	 3
9.255	 4.97	 3
9.258	 4.24	 3
9.271	 4.53	 3
9.274	 4.06	 3
9.301	 3.94	 3
9.302	 4.47	 3
9.305	 4.58	 3
9.307	 5.14	 3
9.310	 4.12	 3
9.315	 4.90	 3
9.317	 4.22	 3
9.317	 3.91	 3
9.318	 4.32	 3
9.319	 4.22	 3
9.319	 4.09	 3
9.322	 3.99	 3
9.324	 3.94	 4
9.330	 3.90	 3
9.333	 3.84	 3
9.336	 4.01	 3
9.351	 4.20	 3
9.374	 4.45	 3
9.394	 4.48	 3
9.395	 3.96	 3
9.409	 4.05	 3
9.412	 3.99	 2
9.417	 4.69	 3
9.425	 4.78	 3
9.426	 4.20	 3
9.438	 4.17	 3
9.446	 3.94	 3
9.448	 4.05	 4
9.449	 5.29	 3
9.451	 3.90	 3
9.452	 4.05	 3
9.452	 3.98	 4
9.460	 4.24	 3
9.463	 4.10	 3
9.465	 4.18	 3
9.466	 4.02	 3
9.476	 4.03	 3
9.479	 4.51	 3
9.490	 4.04	 3
9.498	 4.08	 3
9.500	 3.97	 1
9.507	 4.00	 3
9.510	 4.58	 4
9.513	 4.00	 3
9.519	 3.98	 3
9.520	 5.18	 3
9.523	 3.83	 3
9.534	 4.54	 3
9.548	 4.05	 3
9.564	 4.16	 3
9.578	 4.23	 3
9.592	 5.30	 1
9.619	 3.99	 3
9.619	 4.23	 1
9.621	 4.79	 3
9.635	 4.41	 4
9.646	 4.14	 3
9.652	 4.53	 4
9.655	 4.02	 3
9.674	 4.27	 3
9.680	 3.98	 5
9.691	 4.20	 4
9.695	 4.06	 3
9.702	 4.26	 3
9.708	 3.89	 3
9.727	 3.93	 3
9.738	 4.63	 3
9.740	 3.89	 3
9.743	 4.93	 3
9.766	 3.97	 3
9.769	 4.74	 3
9.769	 4.60	 3
9.770	 4.21	 3
9.777	 4.72	 1
9.794	 3.87	 3
9.819	 3.84	 3
9.847	 4.07	 4
9.850	 4.10	 3
9.854	 4.32	 4
9.885	 4.26	 4
9.893	 3.83	 3
9.903	 4.73	 3
9.928	 5.03	 3
9.953	 3.95	 3
9.967	 4.29	 3
9.978	 4.38	 4
9.980	 3.82	 3
9.984	 4.09	 3
9.989	 3.84	 4
9.989	 4.98	 3
10.020	 4.40	 3
10.061	 4.10	 3
10.066	 4.02	 1
10.083	 3.97	 4
10.115	 4.17	 3
10.118	 3.99	 3
10.119	 3.85	 3
10.122	 4.22	 3
10.129	 4.03	 3
10.173	 3.85	 3
10.174	 4.09	 3
10.179	 4.66	 3
10.229	 4.35	 3
10.235	 3.98	 3
10.240	 4.20	 3
10.247	 3.92	 3
10.267	 4.06	 3
10.293	 4.10	 3
10.293	 3.87	 4
10.316	 3.86	 4
10.336	 4.66	 3
10.349	 3.86	 3
10.352	 4.56	 4
10.353	 4.12	 3
10.374	 4.72	 3
10.382	 4.26	 3
10.394	 4.32	 3
10.401	 3.83	 3
10.407	 5.72	 1
10.411	 4.74	 4
10.455	 5.00	 3
10.468	 3.98	 3
10.470	 6.03	 3
10.475	 5.16	 3
10.486	 4.07	 4
10.490	 3.87	 3
10.498	 4.30	 3
10.500	 3.96	 4
10.502	 4.13	 3
10.502	 4.57	 4
10.502	 4.12	 4
10.503	 3.93	 4
10.526	 4.19	 4
10.537	 4.09	 5
10.551	 5.60	 3
10.559	 3.92	 3
10.568	 4.23	 3
10.572	 4.53	 4
10.576	 3.91	 4
10.588	 4.24	 3
10.594	 4.27	 4
10.618	 3.84	 2
10.618	 4.50	 3
10.620	 4.12	 2
10.628	 4.90	 3
10.631	 3.86	 5
10.638	 3.91	 3
10.644	 3.86	 5
10.647	 3.97	 3
10.648	 4.68	 3
10.676	 4.87	 4
10.676	 4.10	 5
10.682	 4.05	 4
10.707	 4.30	 3
10.716	 3.94	 3
10.720	 3.88	 5
10.735	 4.74	 3
10.737	 3.82	 3
10.747	 4.12	 3
10.757	 3.94	 3
10.760	 4.11	 4
10.765	 4.52	 4
10.787	 4.90	 3
10.789	 4.39	 3
10.814	 4.09	 3
10.817	 3.85	 3
10.841	 4.01	 3
10.864	 4.13	 4
10.867	 3.94	 3
10.905	 4.06	 3
10.910	 4.17	 5
10.915	 5.34	 3
10.929	 4.48	 3
10.951	 4.26	 3
10.957	 3.86	 2
10.965	 4.39	 3
10.967	 3.96	 4
10.983	 4.22	 3
10.993	 4.13	 3
10.999	 4.20	 1
11.009	 4.25	 3
11.010	 3.84	 3
11.013	 4.08	 3
11.013	 4.71	 4
11.049	 4.17	 4
11.081	 4.12	 2
11.082	 3.84	 4
11.114	 3.87	 3
11.134	 4.40	 3
11.158	 3.82	 3
11.162	 4.26	 3
11.166	 4.94	 1
11.169	 4.09	 3
11.212	 4.36	 3
11.212	 4.22	 3
11.229	 4.27	 2
11.281	 4.17	 4
11.302	 5.10	 4
11.312	 5.40	 5
11.314	 3.91	 3
11.318	 4.15	 4
11.319	 3.89	 3
11.326	 3.88	 1
11.344	 3.97	 3
11.367	 4.24	 3
11.407	 4.01	 4
11.426	 4.09	 6
11.454	 4.05	 4
11.484	 4.09	 3
11.491	 3.83	 3
11.534	 5.04	 3
11.570	 4.31	 3
11.573	 4.21	 4
11.589	 4.37	 3
11.591	 3.94	 3
11.618	 3.84	 1
11.619	 4.08	 2
11.682	 4.05	 6
11.746	 3.91	 3
11.762	 3.91	 3
11.774	 3.85	 4
11.797	 4.45	 4
11.835	 4.27	 5
11.932	 4.02	 4
11.990	 3.88	 2
12.029	 4.73	 3
12.071	 3.92	 4
12.096	 3.83	 3
12.137	 5.25	 3
12.151	 3.92	 3
12.152	 4.13	 3
12.156	 4.00	 4
12.166	 3.89	 4
12.178	 4.07	 3
12.183	 3.98	 4
12.206	 5.11	 3
12.211	 4.03	 4
12.249	 4.88	 4
12.249	 3.87	 4
12.273	 4.13	 3
12.280	 4.34	 3
12.285	 3.89	 3
12.378	 3.99	 3
12.430	 3.83	 5
12.435	 5.31	 3
12.443	 5.23	 4
12.473	 3.93	 4
12.509	 4.02	 4
12.510	 5.19	 4
12.527	 3.88	 4
12.620	 4.27	 3
12.622	 3.98	 4
12.647	 4.83	 4
12.677	 5.71	 3
12.708	 3.85	 3
12.709	 4.26	 3
12.711	 3.83	 3
12.723	 4.71	 4
12.727	 3.98	 3
12.734	 3.91	 3
12.742	 4.84	 4
12.745	 3.88	 3
12.769	 3.93	 4
12.804	 4.59	 3
12.806	 4.20	 5
12.825	 4.06	 3
12.826	 4.62	 5
12.836	 4.23	 3
12.845	 4.11	 3
12.893	 3.87	 3
12.897	 3.84	 6
12.913	 4.73	 4
12.953	 3.94	 4
13.034	 3.86	 3
13.071	 3.90	 2
13.172	 3.94	 3
13.176	 4.32	 4
13.203	 4.21	 3
13.263	 4.14	 3
13.264	 4.60	 3
13.266	 4.88	 5
13.276	 4.21	 6
13.287	 5.37	 6
13.302	 3.86	 1
13.315	 3.93	 7
13.385	 3.84	 4
13.499	 4.42	 5
13.507	 4.25	 1
13.527	 4.43	 3
13.535	 3.90	 3
13.569	 4.46	 4
13.595	 4.00	 5
13.598	 4.36	 5
13.689	 4.20	 3
13.694	 4.36	 3
13.737	 4.05	 4
13.747	 4.27	 1
13.762	 4.03	 1
13.783	 4.12	 4
13.816	 4.76	 3
13.823	 4.45	 7
13.877	 4.23	 4
13.942	 4.27	 5
