# Simulation 360
# RelativeTime(days) Magnitude Generation
Time Mag Gen
7.022	 4.55	 1
7.328	 3.96	 1
7.349	 4.35	 1
7.414	 4.28	 1
7.429	 4.10	 1
7.538	 3.86	 1
7.669	 4.57	 1
7.697	 3.88	 1
7.889	 4.12	 1
8.084	 3.86	 1
8.108	 4.58	 1
8.229	 4.23	 1
8.457	 4.35	 1
8.573	 4.52	 1
8.576	 4.18	 1
8.582	 4.69	 1
8.674	 4.38	 1
8.693	 3.83	 1
8.913	 4.01	 1
8.985	 4.09	 1
8.990	 4.66	 1
9.052	 3.90	 1
9.139	 4.87	 1
9.204	 4.33	 1
9.230	 3.84	 1
9.274	 3.87	 1
9.424	 4.65	 1
9.469	 4.08	 1
9.539	 3.91	 1
9.693	 4.29	 1
10.205	 4.44	 1
10.408	 4.13	 1
10.649	 4.98	 1
10.740	 4.11	 1
10.771	 4.28	 1
10.872	 4.79	 1
10.876	 4.14	 1
10.899	 3.84	 1
10.941	 4.26	 1
11.084	 3.92	 1
11.653	 3.93	 1
11.849	 4.06	 1
12.248	 3.98	 1
12.458	 3.89	 1
12.523	 4.52	 1
12.561	 3.85	 1
12.648	 3.91	 1
12.803	 3.94	 1
12.844	 4.01	 1
12.912	 4.52	 1
12.986	 3.92	 1
12.994	 4.13	 1
13.152	 4.84	 1
13.247	 4.02	 1
13.254	 4.16	 1
13.271	 4.52	 1
13.409	 3.99	 1
13.513	 4.28	 1
13.520	 3.85	 1
