# Simulation 555
# RelativeTime(days) Magnitude Generation
Time Mag Gen
7.000	 3.87	 1
7.330	 5.88	 1
7.450	 4.61	 1
7.485	 4.60	 1
7.502	 5.48	 1
7.560	 3.87	 1
7.591	 3.92	 1
7.719	 4.18	 1
7.747	 3.83	 1
7.846	 4.21	 2
7.963	 3.96	 1
8.077	 4.16	 1
8.383	 4.55	 1
8.461	 5.54	 2
8.463	 4.67	 1
8.512	 4.26	 3
8.554	 4.01	 1
8.679	 4.61	 1
8.699	 5.36	 1
8.711	 4.30	 1
8.788	 4.12	 2
8.861	 5.55	 2
8.988	 3.95	 1
9.104	 3.98	 2
9.123	 4.05	 2
9.444	 4.02	 1
9.458	 4.21	 1
9.508	 4.12	 3
9.594	 6.06	 3
9.632	 4.91	 1
9.644	 4.10	 1
9.671	 4.36	 1
9.691	 3.92	 4
9.752	 4.08	 4
9.759	 3.86	 1
9.763	 5.30	 4
9.948	 4.33	 4
9.991	 4.24	 1
10.000	 4.02	 1
10.001	 4.99	 4
10.022	 3.90	 5
10.038	 5.79	 1
10.043	 4.07	 1
10.135	 4.87	 1
10.137	 4.34	 1
10.182	 4.25	 5
10.237	 4.70	 2
10.244	 3.92	 1
10.288	 4.02	 2
10.339	 5.72	 1
10.364	 4.29	 4
10.546	 4.33	 1
10.564	 4.13	 3
10.603	 3.86	 1
10.622	 3.83	 2
10.627	 4.15	 1
10.632	 3.88	 2
10.647	 3.84	 2
10.784	 4.32	 2
10.800	 3.85	 3
10.900	 4.40	 1
10.973	 3.97	 2
11.081	 4.58	 1
11.096	 3.96	 1
11.155	 4.63	 1
11.243	 4.16	 5
11.261	 4.08	 2
11.272	 4.01	 1
11.363	 3.83	 2
11.596	 4.40	 2
11.637	 4.44	 2
11.714	 3.82	 2
11.764	 3.92	 1
11.800	 3.99	 4
11.823	 4.17	 1
11.869	 3.87	 4
11.886	 4.93	 1
11.950	 4.02	 1
11.971	 4.03	 1
11.974	 3.86	 2
12.018	 4.21	 3
12.309	 3.92	 3
12.384	 3.94	 2
12.483	 4.49	 1
12.503	 4.58	 5
12.607	 4.13	 6
12.671	 3.91	 5
13.145	 4.17	 1
13.581	 5.92	 1
13.632	 3.92	 2
13.684	 4.67	 1
13.687	 3.84	 2
13.733	 4.44	 1
13.741	 3.89	 2
13.788	 4.77	 2
13.813	 3.83	 2
13.865	 4.04	 1
13.920	 3.84	 2
13.962	 4.34	 2
