# Simulation 521
# RelativeTime(days) Magnitude Generation
Time Mag Gen
7.325	 3.85	 1
7.334	 4.03	 1
7.648	 4.36	 1
7.694	 3.87	 1
7.738	 3.84	 1
7.793	 4.57	 1
7.804	 4.18	 1
7.921	 4.17	 1
8.189	 4.13	 2
8.190	 4.10	 1
8.273	 3.90	 1
8.385	 3.98	 1
8.512	 4.02	 1
8.728	 3.94	 1
8.791	 4.62	 1
9.331	 4.24	 1
9.406	 3.85	 1
9.497	 4.46	 1
9.834	 4.07	 1
9.856	 3.99	 1
9.931	 3.99	 1
9.963	 5.61	 1
10.087	 3.99	 1
10.107	 3.99	 2
10.179	 5.02	 1
10.294	 4.33	 1
10.651	 3.96	 2
10.813	 5.05	 1
10.886	 3.88	 2
11.088	 3.85	 1
11.323	 4.23	 1
11.742	 4.62	 1
12.147	 4.06	 1
12.268	 4.06	 1
12.512	 4.10	 1
12.522	 4.11	 1
12.669	 4.59	 1
12.752	 4.30	 2
12.861	 4.44	 1
13.291	 4.40	 1
13.484	 3.85	 3
13.600	 3.88	 1
13.698	 4.08	 1
13.988	 5.23	 1
13.998	 4.72	 2
