# Simulation 653
# RelativeTime(days) Magnitude Generation
Time Mag Gen
7.239	 3.96	 1
7.363	 3.89	 1
7.529	 3.86	 1
7.535	 4.23	 1
7.728	 3.88	 1
7.816	 3.82	 1
7.920	 3.99	 1
8.002	 3.86	 1
8.105	 4.08	 1
8.242	 4.51	 1
8.806	 4.08	 1
8.889	 4.31	 1
8.958	 4.26	 1
9.007	 4.50	 1
9.296	 3.88	 1
9.336	 3.86	 1
9.821	 5.26	 1
9.842	 7.74	 2
9.842	 4.15	 3
9.843	 4.29	 3
9.844	 4.36	 3
9.844	 4.01	 3
9.845	 4.57	 3
9.845	 4.56	 3
9.846	 5.45	 3
9.846	 4.84	 3
9.847	 4.35	 3
9.848	 5.04	 3
9.849	 3.83	 3
9.849	 5.56	 3
9.849	 4.13	 3
9.849	 3.92	 3
9.849	 4.38	 3
9.854	 4.21	 3
9.855	 4.70	 3
9.856	 4.01	 3
9.857	 3.94	 3
9.859	 3.84	 3
9.861	 3.85	 3
9.867	 4.42	 3
9.868	 3.88	 3
9.869	 3.87	 3
9.873	 3.95	 3
9.873	 4.01	 3
9.874	 4.13	 4
9.874	 4.06	 3
9.875	 4.16	 3
9.876	 3.82	 3
9.876	 3.90	 3
9.878	 4.02	 3
9.879	 3.94	 3
9.879	 3.93	 3
9.880	 5.10	 3
9.880	 3.88	 3
9.881	 4.40	 3
9.884	 4.57	 3
9.886	 4.55	 3
9.886	 5.10	 3
9.887	 4.15	 3
9.890	 4.37	 3
9.890	 3.87	 3
9.891	 3.89	 3
9.891	 3.94	 3
9.892	 4.14	 3
9.894	 4.38	 3
9.894	 3.98	 3
9.894	 4.23	 3
9.894	 4.76	 3
9.896	 6.37	 3
9.898	 4.13	 3
9.898	 4.52	 3
9.900	 3.88	 3
9.900	 3.97	 3
9.901	 4.31	 3
9.902	 4.28	 4
9.903	 4.11	 3
9.905	 3.98	 3
9.908	 3.82	 3
9.909	 4.33	 3
9.909	 5.33	 4
9.910	 3.96	 3
9.911	 4.14	 3
9.914	 4.06	 3
9.916	 4.29	 3
9.917	 6.21	 3
9.918	 3.82	 4
9.918	 4.14	 3
9.921	 3.92	 3
9.923	 4.08	 3
9.925	 3.92	 3
9.926	 4.27	 4
9.927	 4.85	 3
9.927	 3.87	 3
9.929	 4.17	 3
9.930	 5.30	 3
9.931	 3.94	 3
9.931	 4.11	 3
9.931	 4.66	 3
9.932	 3.87	 3
9.932	 4.02	 3
9.936	 4.61	 3
9.941	 3.85	 3
9.942	 4.01	 3
9.942	 3.86	 4
9.944	 4.15	 3
9.946	 3.99	 1
9.947	 3.90	 5
9.947	 3.88	 3
9.953	 4.50	 3
9.956	 4.35	 3
9.957	 4.18	 3
9.960	 4.88	 3
9.963	 5.24	 3
9.964	 3.83	 4
9.965	 4.17	 3
9.966	 6.49	 4
9.966	 4.02	 3
9.967	 4.69	 3
9.974	 3.96	 3
9.975	 4.03	 4
9.976	 4.31	 3
9.976	 3.84	 3
9.976	 3.87	 3
9.979	 4.17	 3
9.983	 3.82	 3
9.988	 6.29	 5
9.988	 4.44	 3
9.990	 4.68	 3
9.991	 4.91	 3
9.991	 3.95	 3
9.993	 3.94	 3
9.994	 3.89	 3
9.995	 4.69	 3
9.995	 3.83	 3
9.996	 3.99	 3
9.997	 4.90	 6
10.001	 4.88	 3
10.002	 4.38	 4
10.004	 4.47	 3
10.005	 3.83	 3
10.010	 4.53	 3
10.013	 4.27	 3
10.016	 3.98	 3
10.017	 4.48	 3
10.018	 4.04	 3
10.019	 3.86	 3
10.019	 4.04	 3
10.020	 4.05	 3
10.022	 4.69	 3
10.022	 4.06	 3
10.024	 3.97	 3
10.025	 4.38	 3
10.025	 4.07	 3
10.026	 4.34	 3
10.027	 4.02	 3
10.028	 3.87	 3
10.029	 5.00	 3
10.030	 4.20	 3
10.032	 4.44	 3
10.034	 3.85	 3
10.039	 4.52	 3
10.040	 3.88	 4
10.040	 4.68	 3
10.041	 3.90	 3
10.041	 4.02	 3
10.047	 4.09	 3
10.049	 4.04	 6
10.050	 3.85	 4
10.051	 4.11	 4
10.056	 3.90	 3
10.060	 3.93	 3
10.062	 3.89	 3
10.062	 5.19	 4
10.063	 4.37	 6
10.074	 3.90	 3
10.075	 4.77	 3
10.076	 4.30	 4
10.076	 4.04	 3
10.077	 4.95	 5
10.079	 4.10	 4
10.080	 4.95	 3
10.081	 4.94	 3
10.082	 5.75	 3
10.084	 4.20	 3
10.084	 4.03	 3
10.086	 3.93	 3
10.087	 4.11	 3
10.088	 4.00	 1
10.089	 3.91	 3
10.091	 3.96	 3
10.094	 4.48	 3
10.094	 4.71	 3
10.103	 5.16	 3
10.107	 3.98	 3
10.113	 4.17	 3
10.113	 4.35	 3
10.117	 4.46	 3
10.117	 4.37	 3
10.119	 4.74	 3
10.120	 3.88	 4
10.124	 4.38	 3
10.124	 3.88	 3
10.125	 4.00	 3
10.125	 3.85	 1
10.130	 3.92	 3
10.130	 4.09	 3
10.136	 4.84	 3
10.139	 3.83	 3
10.139	 3.85	 4
10.139	 3.99	 3
10.139	 3.91	 5
10.144	 4.68	 4
10.146	 3.94	 4
10.149	 4.07	 3
10.157	 4.35	 3
10.165	 4.19	 3
10.167	 4.06	 3
10.168	 4.06	 3
10.170	 4.09	 5
10.171	 3.85	 3
10.173	 4.00	 3
10.175	 4.48	 3
10.176	 3.88	 3
10.177	 4.48	 3
10.178	 3.97	 4
10.181	 3.99	 3
10.185	 4.17	 4
10.185	 4.76	 3
10.189	 3.97	 3
10.190	 4.22	 5
10.190	 3.97	 3
10.198	 3.98	 5
10.206	 4.03	 3
10.206	 4.28	 3
10.211	 4.78	 5
10.212	 3.85	 2
10.216	 4.81	 5
10.224	 4.69	 3
10.230	 4.60	 3
10.231	 4.80	 5
10.232	 3.99	 3
10.232	 3.92	 4
10.235	 4.30	 3
10.239	 3.91	 3
10.239	 4.05	 3
10.248	 4.17	 3
10.251	 4.58	 3
10.251	 4.14	 3
10.258	 4.01	 3
10.263	 4.89	 3
10.267	 3.84	 3
10.273	 3.85	 3
10.274	 4.53	 4
10.277	 3.93	 6
10.278	 4.72	 3
10.283	 5.31	 3
10.292	 4.17	 3
10.296	 4.62	 1
10.300	 4.07	 3
10.306	 4.43	 3
10.306	 4.42	 3
10.312	 4.05	 3
10.321	 5.18	 3
10.324	 3.91	 3
10.334	 4.70	 3
10.351	 4.41	 3
10.362	 3.99	 3
10.370	 4.04	 3
10.376	 4.27	 3
10.379	 3.91	 3
10.381	 3.87	 3
10.384	 3.98	 3
10.384	 5.83	 3
10.386	 3.85	 3
10.391	 3.83	 3
10.392	 4.51	 2
10.393	 4.01	 3
10.422	 5.10	 3
10.422	 3.82	 3
10.423	 4.14	 6
10.430	 4.63	 5
10.432	 3.94	 3
10.438	 3.85	 3
10.455	 4.04	 1
10.458	 4.05	 4
10.460	 4.63	 1
10.461	 4.08	 3
10.466	 3.84	 4
10.468	 4.16	 4
10.477	 4.43	 3
10.477	 3.96	 4
10.487	 3.99	 4
10.489	 3.88	 3
10.493	 4.30	 3
10.498	 5.01	 3
10.502	 4.07	 3
10.511	 4.02	 4
10.517	 4.33	 3
10.520	 4.15	 4
10.531	 3.84	 3
10.536	 4.82	 4
10.541	 5.32	 3
10.544	 4.14	 3
10.548	 3.82	 3
10.550	 3.87	 3
10.565	 4.02	 1
10.569	 4.68	 6
10.570	 4.05	 3
10.571	 6.17	 3
10.575	 4.08	 3
10.584	 4.00	 3
10.589	 4.08	 3
10.590	 4.32	 3
10.592	 4.26	 3
10.592	 4.06	 3
10.593	 4.11	 3
10.596	 3.89	 5
10.610	 3.85	 3
10.617	 3.90	 3
10.619	 4.03	 4
10.621	 3.87	 4
10.624	 4.19	 3
10.627	 4.14	 3
10.650	 4.53	 3
10.655	 4.34	 3
10.657	 4.77	 3
10.675	 3.91	 5
10.680	 3.97	 3
10.680	 4.10	 4
10.689	 4.62	 3
10.695	 3.87	 3
10.700	 4.16	 3
10.703	 3.99	 3
10.716	 4.22	 1
10.721	 3.85	 3
10.726	 3.82	 4
10.730	 4.67	 3
10.731	 4.26	 3
10.746	 3.91	 3
10.748	 4.16	 3
10.751	 3.82	 4
10.765	 4.88	 4
10.770	 3.89	 3
10.771	 4.17	 4
10.772	 3.88	 3
10.785	 4.06	 3
10.831	 4.09	 4
10.851	 4.03	 3
10.855	 4.39	 3
10.859	 4.08	 3
10.878	 4.05	 3
10.890	 4.20	 4
10.897	 4.27	 3
10.914	 4.39	 3
10.917	 3.82	 3
10.917	 3.86	 3
10.926	 3.84	 3
10.928	 4.24	 3
10.935	 4.32	 4
10.941	 5.72	 3
10.949	 3.91	 3
10.951	 4.15	 4
10.952	 4.06	 4
10.954	 4.22	 4
10.993	 4.50	 3
10.994	 4.40	 3
11.005	 4.00	 3
11.022	 4.19	 6
11.024	 4.39	 3
11.033	 4.39	 4
11.040	 4.14	 3
11.042	 3.83	 4
11.058	 5.04	 3
11.059	 3.86	 3
11.082	 3.83	 4
11.093	 3.91	 4
11.094	 3.87	 3
11.115	 3.88	 3
11.127	 4.36	 3
11.133	 4.16	 3
11.136	 4.03	 3
11.136	 4.66	 3
11.153	 3.96	 3
11.163	 3.85	 6
11.163	 4.50	 3
11.171	 4.07	 3
11.177	 3.85	 4
11.181	 4.20	 3
11.187	 3.98	 4
11.194	 4.57	 3
11.204	 4.00	 4
11.209	 4.18	 3
11.252	 3.88	 3
11.256	 5.54	 3
11.260	 4.49	 3
11.268	 3.82	 4
11.269	 4.68	 4
11.297	 4.18	 4
11.310	 4.49	 3
11.319	 4.39	 1
11.323	 4.22	 5
11.333	 4.00	 2
11.339	 6.00	 3
11.349	 3.90	 4
11.351	 4.26	 4
11.357	 4.12	 4
11.359	 4.00	 4
11.368	 4.43	 3
11.379	 4.03	 4
11.386	 4.16	 3
11.406	 3.88	 4
11.408	 4.18	 4
11.414	 5.21	 3
11.415	 4.33	 3
11.419	 4.13	 3
11.419	 4.77	 4
11.426	 4.19	 4
11.437	 4.56	 3
11.444	 3.96	 6
11.446	 4.03	 3
11.449	 5.59	 4
11.450	 3.83	 3
11.472	 3.85	 6
11.474	 4.52	 3
11.480	 3.84	 3
11.497	 4.07	 3
11.502	 3.85	 3
11.507	 4.05	 3
11.508	 5.22	 4
11.524	 3.98	 3
11.549	 3.84	 3
11.556	 4.32	 4
11.560	 4.22	 6
11.561	 3.92	 3
11.562	 4.06	 3
11.562	 4.18	 3
11.568	 3.87	 5
11.571	 4.44	 3
11.579	 4.85	 5
11.584	 3.96	 3
11.587	 3.83	 4
11.594	 3.96	 3
11.596	 4.77	 4
11.611	 4.16	 3
11.617	 4.08	 3
11.625	 4.03	 4
11.626	 3.99	 3
11.633	 3.97	 5
11.635	 4.48	 5
11.650	 4.81	 3
11.659	 4.57	 3
11.688	 4.08	 4
11.697	 4.02	 4
11.703	 3.98	 1
11.708	 3.91	 3
11.711	 3.84	 5
11.713	 4.42	 4
11.747	 3.99	 4
11.750	 4.60	 3
11.763	 3.94	 5
11.779	 4.17	 4
11.788	 4.02	 3
11.819	 4.57	 4
11.821	 4.35	 4
11.835	 3.96	 3
11.849	 4.34	 1
11.856	 4.24	 1
11.857	 5.36	 5
11.860	 4.28	 6
11.861	 4.59	 3
11.863	 3.96	 1
11.866	 3.93	 1
11.873	 4.75	 3
11.888	 4.03	 3
11.896	 4.07	 1
11.900	 5.16	 4
11.919	 3.88	 5
11.925	 3.99	 4
11.946	 4.54	 4
11.965	 4.18	 3
11.972	 4.46	 4
11.978	 4.34	 4
12.008	 4.06	 3
12.026	 5.28	 3
12.038	 4.67	 4
12.048	 4.18	 6
12.071	 4.78	 3
12.083	 4.70	 3
12.098	 4.17	 3
12.102	 3.99	 5
12.105	 3.86	 4
12.132	 3.98	 4
12.142	 4.08	 6
12.143	 5.45	 5
12.150	 4.18	 3
12.175	 5.32	 3
12.177	 4.38	 3
12.189	 4.09	 4
12.209	 3.92	 3
12.210	 6.14	 4
12.212	 3.89	 4
12.225	 4.44	 4
12.227	 3.98	 3
12.238	 4.88	 4
12.249	 4.23	 5
12.252	 4.11	 3
12.253	 3.91	 5
12.268	 4.67	 5
12.295	 3.93	 3
12.297	 4.08	 3
12.304	 4.29	 5
12.321	 4.17	 3
12.379	 4.06	 3
12.382	 4.23	 3
12.391	 4.01	 3
12.404	 3.96	 5
12.416	 4.23	 5
12.455	 5.08	 3
12.456	 4.05	 3
12.461	 4.19	 4
12.490	 5.08	 5
12.495	 3.84	 3
12.515	 3.88	 3
12.544	 3.83	 3
12.554	 4.43	 3
12.556	 3.82	 3
12.597	 5.64	 4
12.598	 4.49	 4
12.612	 3.98	 3
12.621	 4.17	 3
12.623	 3.88	 4
12.628	 4.44	 4
12.637	 4.31	 3
12.645	 3.98	 3
12.660	 4.26	 5
12.696	 4.69	 4
12.759	 3.92	 3
12.778	 4.41	 4
12.813	 4.19	 1
12.822	 4.36	 6
12.823	 4.12	 5
12.823	 3.87	 3
12.824	 4.60	 3
12.826	 4.30	 3
12.843	 3.99	 3
12.856	 3.87	 3
12.863	 4.90	 3
12.866	 4.44	 3
12.887	 4.09	 4
12.907	 4.76	 4
12.923	 3.87	 3
12.929	 4.18	 1
12.939	 4.20	 5
12.947	 3.92	 1
12.957	 3.86	 3
12.980	 4.24	 3
12.989	 4.25	 3
12.995	 4.69	 5
13.001	 3.90	 6
13.023	 4.32	 3
13.024	 4.02	 3
13.048	 4.49	 3
13.061	 4.03	 3
13.066	 4.01	 3
13.102	 3.82	 3
13.132	 3.84	 3
13.185	 4.20	 3
13.195	 5.28	 3
13.199	 4.34	 4
13.240	 4.03	 1
13.256	 5.29	 5
13.260	 3.97	 6
13.262	 3.84	 3
13.270	 3.88	 3
13.273	 3.97	 4
13.280	 4.13	 6
13.281	 3.85	 4
13.320	 4.25	 3
13.325	 4.93	 3
13.340	 4.12	 5
13.404	 3.90	 5
13.405	 3.91	 4
13.410	 4.33	 3
13.434	 4.63	 6
13.446	 3.92	 3
13.459	 4.02	 5
13.534	 4.76	 3
13.589	 4.10	 4
13.603	 4.28	 5
13.604	 4.10	 4
13.614	 5.04	 4
13.637	 4.03	 3
13.675	 4.64	 3
13.741	 4.17	 3
13.744	 4.11	 3
13.750	 3.89	 3
13.774	 3.85	 6
13.780	 4.09	 3
13.811	 3.86	 3
13.856	 4.07	 3
13.866	 3.89	 5
13.867	 4.94	 6
13.878	 4.86	 3
13.893	 4.37	 4
13.900	 4.28	 3
13.931	 3.97	 5
13.943	 3.87	 3
13.947	 4.48	 3
13.953	 3.94	 3
13.965	 4.05	 4
