# Simulation 730
# RelativeTime(days) Magnitude Generation
Time Mag Gen
7.010	 4.03	 1
7.058	 4.24	 1
7.113	 3.99	 1
7.360	 3.89	 2
7.382	 3.95	 1
7.421	 4.06	 1
7.431	 3.83	 1
7.547	 3.92	 1
7.646	 4.11	 1
8.059	 4.16	 1
8.072	 4.27	 1
8.174	 4.05	 1
8.242	 4.21	 1
8.249	 3.90	 1
8.512	 4.52	 1
8.515	 3.92	 2
8.578	 4.51	 1
8.612	 3.89	 1
8.640	 4.46	 2
8.774	 4.09	 1
8.801	 3.84	 1
8.901	 4.86	 1
8.951	 4.67	 1
9.089	 4.07	 1
9.146	 3.91	 1
9.191	 4.18	 1
9.450	 3.93	 1
9.482	 4.17	 1
9.861	 3.98	 1
10.185	 4.10	 1
10.368	 4.51	 1
10.393	 5.38	 1
10.482	 3.89	 2
10.527	 4.33	 1
10.543	 4.01	 2
10.551	 3.96	 1
10.652	 4.35	 1
10.654	 6.49	 1
10.676	 4.02	 2
10.699	 4.21	 2
10.709	 4.53	 2
10.710	 4.86	 2
10.711	 4.31	 2
10.716	 4.04	 1
10.739	 4.73	 1
10.786	 4.77	 2
10.790	 4.52	 2
10.813	 4.04	 2
10.856	 3.94	 1
10.960	 4.75	 1
10.981	 4.95	 1
10.989	 4.71	 1
10.994	 3.94	 1
11.030	 3.83	 1
11.042	 3.89	 2
11.140	 3.98	 2
11.232	 4.49	 1
11.280	 4.46	 2
11.391	 4.30	 2
11.488	 4.23	 1
11.682	 4.05	 1
11.738	 5.41	 1
11.778	 4.05	 1
11.800	 3.97	 1
11.883	 5.32	 1
11.960	 3.97	 2
11.962	 4.16	 2
12.013	 4.15	 2
12.098	 3.97	 3
12.150	 4.16	 1
12.192	 4.24	 2
12.229	 4.27	 2
12.281	 3.97	 2
12.580	 4.02	 1
12.608	 3.94	 1
12.672	 3.93	 1
12.740	 4.14	 1
12.749	 4.05	 2
13.138	 3.96	 1
13.640	 4.90	 1
