# Simulation 202
# RelativeTime(days) Magnitude Generation
Time Mag Gen
7.028	 4.27	 1
7.040	 4.03	 1
7.248	 4.85	 1
7.288	 3.92	 1
7.434	 4.29	 1
7.564	 4.69	 1
7.579	 4.15	 1
7.715	 3.95	 1
7.743	 4.08	 1
7.839	 3.84	 1
7.872	 4.06	 1
7.909	 4.69	 1
7.940	 4.17	 1
8.111	 4.86	 1
8.534	 4.60	 1
8.657	 3.82	 1
8.692	 4.28	 1
8.705	 4.94	 1
8.882	 4.14	 1
9.166	 4.16	 1
9.208	 4.82	 1
9.456	 4.84	 1
9.478	 4.08	 1
9.584	 3.98	 1
10.073	 4.85	 1
10.091	 4.21	 1
10.262	 3.88	 1
10.544	 3.89	 1
10.601	 4.95	 1
10.659	 3.98	 1
10.689	 3.95	 1
10.792	 5.33	 1
10.960	 4.04	 1
10.972	 4.27	 1
11.218	 3.88	 1
11.583	 4.23	 1
11.958	 4.44	 1
12.037	 4.03	 1
12.475	 3.91	 1
12.630	 4.62	 1
12.765	 4.16	 1
12.787	 4.17	 1
13.110	 4.11	 1
13.520	 4.08	 1
13.874	 3.94	 1
13.935	 4.13	 1
13.989	 3.91	 1
