# Simulation 947
# RelativeTime(days) Magnitude Generation
Time Mag Gen
7.037	 4.06	 1
7.690	 3.91	 1
7.739	 5.00	 1
7.787	 3.87	 1
7.828	 3.86	 1
7.936	 4.49	 1
7.952	 4.62	 1
8.034	 3.93	 2
8.044	 3.94	 3
8.075	 3.87	 1
8.092	 4.09	 1
8.102	 3.91	 1
8.105	 4.66	 2
8.131	 4.00	 1
8.168	 3.89	 1
8.230	 4.44	 1
8.326	 3.88	 1
8.466	 3.93	 1
8.587	 4.51	 1
8.605	 9.36	 1
8.605	 4.00	 2
8.605	 4.72	 2
8.606	 4.25	 2
8.607	 4.05	 2
8.608	 3.87	 2
8.608	 3.97	 2
8.608	 3.87	 2
8.608	 4.18	 2
8.609	 3.88	 2
8.609	 4.93	 2
8.610	 4.18	 2
8.610	 4.71	 2
8.611	 3.93	 2
8.611	 4.33	 2
8.611	 4.13	 2
8.612	 5.39	 2
8.612	 4.38	 2
8.612	 4.43	 2
8.613	 4.09	 2
8.614	 4.57	 2
8.614	 3.93	 2
8.615	 4.04	 2
8.615	 3.91	 2
8.616	 4.23	 2
8.616	 4.11	 2
8.616	 3.83	 2
8.617	 5.32	 2
8.617	 4.05	 2
8.617	 4.25	 2
8.619	 3.99	 2
8.619	 4.43	 2
8.619	 5.70	 2
8.619	 6.05	 2
8.619	 3.90	 3
8.619	 4.00	 2
8.620	 3.91	 2
8.620	 4.29	 2
8.622	 3.87	 2
8.622	 6.06	 2
8.623	 4.27	 2
8.624	 4.38	 2
8.624	 4.21	 2
8.624	 4.08	 2
8.624	 4.67	 3
8.625	 4.41	 2
8.625	 4.13	 2
8.626	 4.42	 2
8.626	 3.83	 2
8.627	 4.03	 2
8.627	 5.15	 2
8.627	 3.93	 2
8.628	 5.07	 2
8.629	 5.62	 2
8.629	 4.06	 2
8.629	 3.95	 2
8.630	 4.60	 2
8.631	 3.92	 2
8.631	 4.04	 2
8.631	 4.25	 2
8.631	 4.27	 2
8.632	 4.40	 2
8.632	 3.85	 2
8.634	 4.73	 2
8.634	 4.20	 2
8.635	 4.31	 2
8.636	 4.46	 4
8.636	 4.05	 2
8.637	 3.87	 2
8.637	 4.27	 2
8.638	 4.31	 2
8.638	 3.91	 2
8.638	 4.29	 2
8.638	 3.93	 2
8.640	 4.02	 2
8.640	 4.44	 2
8.640	 3.88	 2
8.641	 4.53	 3
8.643	 3.83	 2
8.643	 4.15	 2
8.645	 3.94	 2
8.645	 5.76	 2
8.645	 3.97	 2
8.646	 4.07	 2
8.646	 4.14	 2
8.647	 4.06	 2
8.647	 4.37	 2
8.647	 4.05	 2
8.649	 4.62	 2
8.650	 4.02	 2
8.651	 4.48	 2
8.652	 4.29	 2
8.652	 4.37	 2
8.652	 3.90	 2
8.653	 4.01	 2
8.653	 4.05	 2
8.653	 4.16	 2
8.654	 4.35	 2
8.655	 4.00	 2
8.657	 4.05	 2
8.657	 4.12	 2
8.658	 4.21	 2
8.658	 4.24	 2
8.659	 4.01	 2
8.660	 4.35	 2
8.660	 4.04	 2
8.662	 4.06	 2
8.663	 4.19	 2
8.664	 4.40	 2
8.665	 4.11	 2
8.667	 4.44	 2
8.668	 4.14	 2
8.669	 4.07	 3
8.669	 3.97	 2
8.669	 4.23	 2
8.670	 4.13	 3
8.670	 4.39	 2
8.670	 3.83	 2
8.670	 4.09	 2
8.671	 4.18	 2
8.672	 4.23	 2
8.672	 4.46	 2
8.673	 4.22	 2
8.673	 6.47	 2
8.673	 5.72	 2
8.673	 4.33	 2
8.674	 4.46	 2
8.674	 3.82	 2
8.675	 4.21	 2
8.676	 3.93	 2
8.676	 3.91	 2
8.677	 4.15	 2
8.680	 4.11	 2
8.680	 4.39	 2
8.680	 3.85	 2
8.680	 3.83	 2
8.681	 5.91	 2
8.681	 4.65	 2
8.681	 4.19	 2
8.681	 4.74	 2
8.682	 4.23	 2
8.683	 4.18	 2
8.684	 4.34	 3
8.686	 5.08	 3
8.687	 4.43	 2
8.689	 3.90	 2
8.689	 5.32	 2
8.691	 4.34	 2
8.691	 4.26	 2
8.692	 4.40	 2
8.692	 3.91	 2
8.694	 4.18	 2
8.694	 3.84	 2
8.695	 3.98	 2
8.696	 3.94	 2
8.696	 3.88	 2
8.697	 4.05	 2
8.701	 4.09	 2
8.701	 3.90	 2
8.703	 4.51	 2
8.703	 4.47	 2
8.703	 5.07	 3
8.704	 4.10	 2
8.705	 4.17	 2
8.705	 4.62	 2
8.705	 5.02	 3
8.706	 4.07	 2
8.708	 4.64	 2
8.708	 4.27	 2
8.709	 4.34	 2
8.710	 3.98	 2
8.712	 3.95	 2
8.712	 3.94	 2
8.713	 4.42	 3
8.713	 3.96	 2
8.717	 3.95	 3
8.718	 3.83	 2
8.718	 3.97	 2
8.721	 3.86	 2
8.722	 4.41	 2
8.723	 3.98	 3
8.724	 4.01	 2
8.725	 4.12	 2
8.726	 4.28	 2
8.727	 4.51	 4
8.729	 4.67	 2
8.729	 4.47	 2
8.730	 3.82	 2
8.730	 3.90	 3
8.730	 4.77	 2
8.730	 4.39	 2
8.734	 4.18	 2
8.735	 4.37	 2
8.737	 3.91	 2
8.738	 4.61	 2
8.739	 4.15	 2
8.740	 3.97	 2
8.740	 3.83	 2
8.741	 4.24	 2
8.742	 3.92	 2
8.742	 3.86	 2
8.746	 5.62	 2
8.746	 4.43	 2
8.749	 4.21	 2
8.749	 3.89	 2
8.749	 4.25	 2
8.750	 4.84	 3
8.750	 3.94	 2
8.751	 4.03	 2
8.751	 4.33	 2
8.752	 4.34	 2
8.753	 4.02	 3
8.754	 3.87	 2
8.755	 3.94	 3
8.755	 4.13	 2
8.757	 3.90	 2
8.757	 4.01	 3
8.759	 3.90	 2
8.759	 3.93	 3
8.760	 4.89	 2
8.761	 4.47	 2
8.763	 3.91	 2
8.764	 4.19	 2
8.765	 4.31	 2
8.765	 4.94	 1
8.766	 4.01	 2
8.769	 4.73	 2
8.769	 4.32	 3
8.770	 4.42	 2
8.770	 4.22	 3
8.770	 4.79	 3
8.771	 3.84	 2
8.771	 3.86	 2
8.772	 4.52	 3
8.775	 4.65	 2
8.775	 3.86	 2
8.778	 4.01	 2
8.779	 4.83	 2
8.779	 3.83	 2
8.779	 4.03	 2
8.780	 4.18	 2
8.780	 5.12	 2
8.780	 4.37	 2
8.780	 4.21	 2
8.784	 4.42	 2
8.784	 3.85	 2
8.784	 4.64	 2
8.784	 4.16	 2
8.786	 3.97	 2
8.787	 3.97	 3
8.787	 4.11	 3
8.787	 4.41	 2
8.788	 4.58	 2
8.788	 4.16	 3
8.789	 3.84	 2
8.789	 4.87	 3
8.790	 4.63	 2
8.797	 4.36	 2
8.797	 4.85	 2
8.797	 4.03	 2
8.798	 4.45	 3
8.798	 4.42	 2
8.799	 4.60	 2
8.800	 4.28	 2
8.800	 4.87	 2
8.801	 3.91	 2
8.801	 4.64	 3
8.801	 3.86	 2
8.803	 4.25	 2
8.805	 5.40	 2
8.805	 3.85	 3
8.809	 3.89	 2
8.815	 4.33	 3
8.815	 3.97	 2
8.816	 4.28	 2
8.816	 4.35	 2
8.816	 4.18	 2
8.817	 4.05	 2
8.818	 4.90	 2
8.821	 3.82	 2
8.821	 4.10	 2
8.822	 3.95	 2
8.823	 4.25	 2
8.824	 4.49	 3
8.824	 5.14	 2
8.824	 5.03	 2
8.827	 3.96	 2
8.827	 4.36	 2
8.829	 4.01	 2
8.830	 4.08	 2
8.836	 3.87	 2
8.836	 3.86	 2
8.836	 4.14	 2
8.837	 3.88	 2
8.837	 4.20	 2
8.839	 3.91	 2
8.841	 4.15	 2
8.843	 3.98	 3
8.844	 4.18	 2
8.844	 4.04	 2
8.844	 4.04	 2
8.845	 4.00	 2
8.845	 4.88	 2
8.845	 4.27	 2
8.849	 5.26	 2
8.850	 3.94	 3
8.853	 4.10	 2
8.855	 3.87	 2
8.857	 4.24	 2
8.859	 4.27	 2
8.860	 4.02	 1
8.861	 4.02	 2
8.861	 3.84	 3
8.863	 4.07	 2
8.863	 4.05	 2
8.863	 3.92	 2
8.864	 4.06	 3
8.864	 4.29	 2
8.865	 3.96	 2
8.865	 3.82	 2
8.866	 3.86	 2
8.867	 5.14	 2
8.870	 3.89	 2
8.871	 4.41	 2
8.873	 4.10	 2
8.874	 5.41	 2
8.875	 4.27	 2
8.876	 4.02	 2
8.878	 4.23	 2
8.881	 4.28	 2
8.881	 4.45	 2
8.882	 4.44	 3
8.883	 4.07	 2
8.884	 4.63	 2
8.887	 4.43	 2
8.893	 4.63	 2
8.893	 4.20	 2
8.893	 4.19	 2
8.896	 4.18	 2
8.900	 4.10	 2
8.901	 4.48	 2
8.905	 5.12	 2
8.905	 4.05	 3
8.907	 3.84	 2
8.909	 4.51	 2
8.910	 4.16	 2
8.911	 3.99	 2
8.913	 3.87	 2
8.918	 4.08	 2
8.922	 3.92	 2
8.924	 4.33	 2
8.925	 5.32	 2
8.926	 4.22	 2
8.926	 4.32	 2
8.927	 4.34	 2
8.928	 5.16	 3
8.931	 4.21	 2
8.933	 4.11	 4
8.933	 3.94	 2
8.934	 3.98	 3
8.936	 4.33	 2
8.938	 3.96	 2
8.939	 4.05	 2
8.940	 5.41	 2
8.941	 4.45	 2
8.943	 4.76	 3
8.946	 4.29	 2
8.950	 4.38	 3
8.952	 4.44	 3
8.954	 4.43	 2
8.955	 4.29	 2
8.956	 3.85	 2
8.958	 3.83	 2
8.959	 4.99	 2
8.959	 4.33	 2
8.962	 3.97	 2
8.966	 3.98	 3
8.968	 4.06	 2
8.968	 4.48	 2
8.968	 3.92	 2
8.968	 3.84	 4
8.969	 3.89	 2
8.970	 3.85	 3
8.971	 3.85	 2
8.972	 4.12	 2
8.973	 4.94	 2
8.974	 4.16	 4
8.974	 4.41	 2
8.978	 3.84	 2
8.981	 4.69	 3
8.982	 5.40	 2
8.984	 3.90	 1
8.985	 5.12	 2
8.986	 4.02	 3
8.989	 5.48	 2
8.992	 3.91	 2
8.993	 3.89	 3
8.994	 4.49	 2
8.998	 4.10	 2
9.001	 3.92	 2
9.003	 3.90	 2
9.004	 4.48	 2
9.004	 3.87	 2
9.005	 4.65	 2
9.005	 4.13	 2
9.009	 4.77	 3
9.009	 4.32	 2
9.010	 3.82	 3
9.011	 4.06	 2
9.012	 3.94	 2
9.013	 5.39	 3
9.016	 4.00	 2
9.016	 4.12	 2
9.016	 3.94	 3
9.017	 4.09	 2
9.022	 4.63	 2
9.026	 3.84	 2
9.026	 4.00	 2
9.026	 4.28	 2
9.034	 4.02	 2
9.036	 4.18	 2
9.037	 4.08	 2
9.040	 3.95	 2
9.041	 4.43	 3
9.041	 3.83	 2
9.052	 4.90	 2
9.054	 4.90	 2
9.057	 4.25	 2
9.058	 3.84	 2
9.060	 4.61	 3
9.064	 4.57	 2
9.064	 3.97	 2
9.067	 3.86	 2
9.075	 4.63	 2
9.080	 4.21	 2
9.082	 4.46	 2
9.083	 3.86	 2
9.088	 4.34	 3
9.090	 5.64	 5
9.090	 4.36	 3
9.091	 4.12	 2
9.092	 4.17	 4
9.094	 4.00	 2
9.096	 4.16	 2
9.097	 4.02	 2
9.098	 4.19	 2
9.099	 3.86	 3
9.101	 3.85	 1
9.102	 3.90	 3
9.102	 4.52	 2
9.103	 5.23	 4
9.109	 5.68	 2
9.112	 3.86	 3
9.117	 4.21	 2
9.119	 4.08	 2
9.120	 4.80	 2
9.123	 4.30	 3
9.124	 3.89	 2
9.124	 4.00	 2
9.125	 4.34	 2
9.125	 4.00	 4
9.126	 3.88	 2
9.127	 4.22	 2
9.127	 4.05	 2
9.128	 4.02	 3
9.131	 4.30	 3
9.135	 4.79	 3
9.138	 3.94	 3
9.139	 4.87	 4
9.141	 3.98	 2
9.147	 4.06	 2
9.148	 5.61	 2
9.148	 3.99	 3
9.150	 4.24	 3
9.155	 4.04	 2
9.156	 3.97	 2
9.156	 3.93	 2
9.158	 4.08	 3
9.158	 3.93	 2
9.165	 4.22	 2
9.166	 3.90	 2
9.168	 4.01	 2
9.168	 3.83	 2
9.170	 3.92	 2
9.173	 4.52	 4
9.174	 4.32	 2
9.179	 4.11	 2
9.187	 4.43	 3
9.189	 5.01	 2
9.193	 3.82	 4
9.196	 3.91	 2
9.197	 3.86	 2
9.197	 4.01	 2
9.201	 3.91	 3
9.201	 5.97	 2
9.201	 3.93	 2
9.202	 4.12	 2
9.203	 3.95	 2
9.209	 4.66	 2
9.211	 4.25	 3
9.213	 4.55	 3
9.214	 3.94	 2
9.219	 4.10	 3
9.220	 4.26	 2
9.228	 4.26	 2
9.229	 4.05	 2
9.234	 4.05	 3
9.236	 4.31	 3
9.238	 4.72	 2
9.238	 4.43	 3
9.239	 3.83	 2
9.252	 4.12	 3
9.254	 4.10	 2
9.255	 4.26	 2
9.255	 3.91	 2
9.255	 4.04	 2
9.258	 3.94	 3
9.261	 4.37	 2
9.267	 4.37	 2
9.267	 3.93	 3
9.272	 3.84	 3
9.276	 5.36	 2
9.277	 3.84	 3
9.278	 4.13	 2
9.282	 4.14	 4
9.285	 5.90	 4
9.286	 3.87	 2
9.288	 3.89	 2
9.288	 3.90	 2
9.289	 4.13	 2
9.290	 5.30	 2
9.291	 4.59	 2
9.292	 4.34	 3
9.293	 4.03	 2
9.294	 4.10	 2
9.296	 5.70	 2
9.301	 3.91	 3
9.302	 3.98	 2
9.307	 3.83	 2
9.308	 4.45	 2
9.310	 3.98	 2
9.310	 3.89	 2
9.312	 4.19	 2
9.313	 3.83	 2
9.316	 4.05	 2
9.316	 4.08	 2
9.320	 4.61	 2
9.325	 4.13	 2
9.325	 4.55	 3
9.326	 3.98	 4
9.333	 4.23	 2
9.334	 4.18	 3
9.340	 3.83	 2
9.340	 3.90	 2
9.341	 4.34	 3
9.349	 4.10	 2
9.353	 4.39	 2
9.353	 4.08	 2
9.356	 4.09	 2
9.360	 4.34	 2
9.363	 4.45	 4
9.365	 4.19	 2
9.368	 4.52	 2
9.369	 4.33	 2
9.371	 3.98	 2
9.373	 3.85	 5
9.373	 3.82	 2
9.375	 4.36	 2
9.377	 3.87	 2
9.378	 4.34	 2
9.381	 4.11	 2
9.392	 4.36	 2
9.392	 4.47	 2
9.397	 3.86	 3
9.399	 4.80	 5
9.403	 3.98	 3
9.408	 4.85	 2
9.413	 3.95	 2
9.413	 4.59	 3
9.416	 4.16	 3
9.428	 3.91	 3
9.435	 3.97	 4
9.436	 4.24	 4
9.442	 4.11	 6
9.444	 4.02	 2
9.444	 4.86	 2
9.447	 4.31	 2
9.455	 3.84	 2
9.459	 4.69	 2
9.464	 4.02	 3
9.468	 4.33	 3
9.470	 3.84	 2
9.477	 3.90	 2
9.480	 4.16	 2
9.486	 3.94	 3
9.486	 4.17	 2
9.486	 4.72	 2
9.501	 4.59	 3
9.502	 4.69	 3
9.502	 4.38	 3
9.509	 4.38	 3
9.512	 3.95	 3
9.512	 4.11	 3
9.514	 4.14	 2
9.516	 4.18	 3
9.516	 3.94	 2
9.530	 3.91	 3
9.537	 3.84	 2
9.540	 4.23	 2
9.546	 5.26	 2
9.551	 3.95	 2
9.551	 3.93	 2
9.553	 3.94	 2
9.556	 4.38	 3
9.558	 4.79	 2
9.560	 4.70	 3
9.561	 3.84	 2
9.562	 5.50	 2
9.571	 4.94	 2
9.575	 5.16	 2
9.578	 4.04	 2
9.581	 4.06	 2
9.590	 3.89	 2
9.592	 3.88	 2
9.596	 3.97	 2
9.598	 3.83	 2
9.598	 3.83	 2
9.599	 4.10	 3
9.604	 4.45	 4
9.605	 3.95	 2
9.613	 4.02	 2
9.620	 4.02	 2
9.620	 4.37	 2
9.635	 4.12	 3
9.636	 4.24	 2
9.641	 4.43	 2
9.643	 4.21	 2
9.647	 3.93	 2
9.648	 4.00	 3
9.648	 4.13	 3
9.648	 4.12	 2
9.650	 4.35	 2
9.651	 3.90	 3
9.651	 5.41	 2
9.656	 4.39	 2
9.668	 4.48	 3
9.684	 3.82	 3
9.687	 3.87	 2
9.695	 4.24	 2
9.695	 4.08	 3
9.708	 3.89	 3
9.714	 4.13	 2
9.723	 4.01	 3
9.724	 4.23	 2
9.740	 4.47	 2
9.742	 4.74	 3
9.744	 4.96	 2
9.747	 4.21	 3
9.753	 4.17	 2
9.758	 3.89	 2
9.764	 4.44	 2
9.766	 3.94	 2
9.772	 3.91	 2
9.775	 4.33	 2
9.780	 3.85	 2
9.782	 3.95	 3
9.790	 3.99	 2
9.794	 4.79	 2
9.799	 4.73	 3
9.801	 3.91	 2
9.801	 3.83	 2
9.804	 3.89	 2
9.805	 3.97	 3
9.809	 4.52	 4
9.826	 4.62	 2
9.827	 4.99	 2
9.828	 3.94	 2
9.850	 4.26	 2
9.851	 5.25	 2
9.855	 4.02	 2
9.867	 3.86	 2
9.870	 4.70	 3
9.877	 3.85	 2
9.880	 5.11	 2
9.884	 3.84	 3
9.888	 3.85	 2
9.891	 4.44	 3
9.895	 3.93	 3
9.898	 4.09	 2
9.903	 4.25	 2
9.904	 4.04	 3
9.905	 4.01	 3
9.906	 4.05	 2
9.909	 4.16	 2
9.910	 4.07	 2
9.923	 3.90	 2
9.926	 4.98	 2
9.930	 4.45	 3
9.933	 4.27	 2
9.934	 4.51	 2
9.936	 4.09	 2
9.938	 4.18	 2
9.938	 4.34	 2
9.945	 4.27	 2
9.946	 4.87	 2
9.947	 4.01	 2
9.957	 3.98	 3
9.961	 4.10	 3
9.972	 4.32	 1
9.973	 4.96	 2
9.981	 4.06	 2
9.985	 3.91	 2
9.994	 3.99	 2
9.997	 4.69	 2
9.999	 4.05	 2
10.001	 4.43	 3
10.002	 3.98	 5
10.003	 4.03	 3
10.014	 4.28	 2
10.017	 4.19	 3
10.025	 3.88	 2
10.026	 4.43	 3
10.034	 4.12	 2
10.036	 3.97	 3
10.036	 4.69	 6
10.039	 4.26	 2
10.040	 4.07	 5
10.048	 4.87	 6
10.056	 3.92	 2
10.057	 3.93	 2
10.068	 4.89	 2
10.070	 4.36	 2
10.071	 4.30	 2
10.087	 4.23	 2
10.095	 3.95	 2
10.095	 3.88	 2
10.099	 4.97	 3
10.101	 5.87	 2
10.124	 3.95	 2
10.128	 3.87	 3
10.128	 4.42	 2
10.129	 4.65	 3
10.145	 4.47	 3
10.145	 3.85	 3
10.150	 4.15	 3
10.152	 3.89	 2
10.153	 4.29	 2
10.153	 4.40	 2
10.155	 3.94	 3
10.162	 4.18	 3
10.163	 4.34	 2
10.195	 3.86	 2
10.198	 4.59	 2
10.203	 4.04	 3
10.206	 4.05	 1
10.218	 4.15	 5
10.221	 4.38	 2
10.222	 4.59	 3
10.223	 5.25	 2
10.224	 4.10	 2
10.224	 3.99	 2
10.232	 3.97	 2
10.236	 4.14	 2
10.238	 4.56	 2
10.239	 3.95	 2
10.239	 5.99	 3
10.254	 4.65	 2
10.256	 4.38	 2
10.262	 3.86	 4
10.267	 4.77	 4
10.271	 3.91	 3
10.278	 4.29	 2
10.296	 3.90	 2
10.314	 4.06	 3
10.357	 4.71	 3
10.375	 4.92	 2
10.385	 4.99	 2
10.392	 5.08	 3
10.392	 3.98	 3
10.405	 4.00	 2
10.407	 4.02	 4
10.409	 4.18	 2
10.415	 4.99	 2
10.417	 4.91	 3
10.424	 5.91	 2
10.425	 5.04	 3
10.426	 3.88	 3
10.433	 3.89	 2
10.439	 5.38	 2
10.462	 4.29	 3
10.508	 4.30	 2
10.518	 4.05	 3
10.518	 4.25	 2
10.518	 3.87	 3
10.520	 3.94	 2
10.523	 4.03	 2
10.526	 4.05	 3
10.535	 4.22	 2
10.537	 4.50	 2
10.538	 4.27	 3
10.545	 4.63	 2
10.548	 3.97	 2
10.551	 4.36	 4
10.552	 4.31	 3
10.555	 4.08	 3
10.558	 4.32	 3
10.564	 3.98	 4
10.571	 3.90	 2
10.590	 4.10	 2
10.595	 3.91	 2
10.620	 3.85	 3
10.621	 4.01	 2
10.623	 4.45	 2
10.693	 4.14	 2
10.697	 3.95	 4
10.705	 3.97	 2
10.707	 4.24	 6
10.711	 3.95	 2
10.721	 3.90	 2
10.726	 4.47	 2
10.731	 4.68	 3
10.743	 4.04	 2
10.750	 4.53	 3
10.757	 4.54	 2
10.763	 4.20	 4
10.764	 4.18	 2
10.780	 3.93	 3
10.793	 4.56	 2
10.797	 3.93	 2
10.810	 3.86	 3
10.814	 3.87	 3
10.816	 3.99	 2
10.828	 3.89	 4
10.858	 3.96	 3
10.861	 4.12	 2
10.862	 3.93	 2
10.865	 4.04	 2
10.868	 4.07	 2
10.868	 4.02	 1
10.869	 3.94	 3
10.878	 4.54	 3
10.885	 4.99	 2
10.889	 3.84	 3
10.894	 3.98	 2
10.913	 4.35	 2
10.915	 3.99	 3
10.918	 4.47	 2
10.932	 3.89	 2
10.942	 3.91	 2
10.944	 3.99	 3
10.960	 3.86	 3
10.962	 4.69	 2
10.967	 4.42	 2
10.967	 4.20	 4
10.979	 4.86	 3
10.981	 3.94	 2
10.997	 5.34	 2
11.001	 3.84	 2
11.028	 3.84	 2
11.042	 3.88	 5
11.072	 5.20	 2
11.081	 4.76	 4
11.101	 3.90	 2
11.116	 3.83	 3
11.124	 4.25	 4
11.128	 4.38	 4
11.129	 3.95	 2
11.130	 3.83	 2
11.132	 4.83	 4
11.136	 4.46	 2
11.140	 4.75	 3
11.151	 3.93	 2
11.162	 4.93	 2
11.172	 5.05	 3
11.173	 4.24	 4
11.173	 4.27	 4
11.182	 3.92	 3
11.191	 3.89	 3
11.197	 3.85	 3
11.200	 4.56	 2
11.227	 4.53	 3
11.229	 4.17	 2
11.238	 3.86	 2
11.256	 4.25	 2
11.304	 3.82	 3
11.305	 3.98	 2
11.315	 5.32	 2
11.317	 4.03	 3
11.345	 3.95	 3
11.351	 4.19	 1
11.352	 3.97	 4
11.402	 3.91	 3
11.402	 4.73	 2
11.409	 4.22	 3
11.421	 3.98	 2
11.423	 4.73	 6
11.432	 3.85	 7
11.438	 5.21	 3
11.449	 3.99	 1
11.461	 4.09	 2
11.461	 4.06	 3
11.470	 4.04	 2
11.483	 4.58	 2
11.497	 3.99	 2
11.502	 4.36	 2
11.504	 3.88	 2
11.514	 4.09	 2
11.526	 3.85	 2
11.528	 4.13	 1
11.572	 3.95	 3
11.573	 4.49	 2
11.588	 3.90	 2
11.639	 4.21	 2
11.639	 4.43	 2
11.642	 4.73	 2
11.651	 3.96	 2
11.658	 4.21	 2
11.659	 4.02	 2
11.679	 4.12	 2
11.684	 4.09	 2
11.699	 4.18	 3
11.700	 4.08	 2
11.715	 4.48	 5
11.733	 3.89	 3
11.736	 3.86	 2
11.744	 4.33	 2
11.748	 4.06	 1
11.749	 4.15	 4
11.754	 3.82	 3
11.767	 4.93	 4
11.769	 3.90	 2
11.778	 4.12	 4
11.778	 3.94	 2
11.783	 3.83	 3
11.785	 3.93	 2
11.791	 5.11	 5
11.791	 4.34	 2
11.811	 4.02	 3
11.827	 3.96	 2
11.834	 4.28	 2
11.838	 4.10	 3
11.847	 3.91	 2
11.861	 5.65	 2
11.865	 3.91	 4
11.881	 4.52	 1
11.883	 4.06	 3
11.908	 3.88	 2
11.918	 4.32	 2
11.958	 3.92	 2
11.964	 3.82	 2
11.997	 4.20	 3
12.000	 4.41	 2
12.012	 4.02	 3
12.015	 4.26	 3
12.022	 3.84	 3
12.065	 4.01	 2
12.080	 4.22	 2
12.100	 4.35	 2
12.100	 3.85	 2
12.102	 4.27	 3
12.114	 4.69	 3
12.144	 3.92	 4
12.161	 4.48	 4
12.183	 4.39	 2
12.198	 3.96	 3
12.206	 4.25	 2
12.226	 4.08	 1
12.251	 4.38	 2
12.255	 3.92	 3
12.289	 4.41	 2
12.298	 3.83	 2
12.317	 3.94	 1
12.323	 4.73	 2
12.341	 4.14	 2
12.350	 3.91	 2
12.390	 3.86	 3
12.392	 4.01	 2
12.418	 4.25	 2
12.439	 4.19	 3
12.460	 4.04	 1
12.466	 5.62	 2
12.487	 3.85	 3
12.487	 3.91	 6
12.510	 4.28	 2
12.523	 5.00	 2
12.537	 4.13	 2
12.553	 4.70	 2
12.564	 3.83	 3
12.578	 3.90	 2
12.583	 3.94	 3
12.585	 3.92	 2
12.587	 4.32	 2
12.593	 3.82	 2
12.607	 4.40	 2
12.617	 4.77	 3
12.660	 4.62	 2
12.661	 3.93	 2
12.675	 5.02	 3
12.680	 3.89	 3
12.695	 4.84	 2
12.698	 3.97	 2
12.701	 3.96	 3
12.707	 4.01	 2
12.709	 4.38	 2
12.727	 5.63	 3
12.736	 4.26	 2
12.760	 4.25	 2
12.831	 3.91	 2
12.833	 3.93	 1
12.833	 4.15	 2
12.835	 4.03	 2
12.860	 4.02	 3
12.869	 5.47	 2
12.882	 3.89	 3
12.883	 3.91	 3
12.889	 4.50	 2
12.900	 4.57	 3
12.914	 4.12	 2
12.924	 4.35	 2
12.925	 3.85	 2
12.934	 3.89	 2
12.949	 3.85	 2
12.954	 4.08	 2
12.976	 4.08	 3
13.003	 4.67	 2
13.019	 5.07	 3
13.032	 4.30	 3
13.062	 4.16	 2
13.083	 4.32	 1
13.085	 5.29	 3
13.115	 3.86	 2
13.117	 3.89	 2
13.126	 4.17	 2
13.132	 3.84	 3
13.147	 3.96	 3
13.166	 3.90	 4
13.187	 4.50	 3
13.191	 4.18	 3
13.202	 4.04	 2
13.223	 4.12	 4
13.228	 4.34	 2
13.261	 4.09	 3
13.304	 3.86	 2
13.308	 3.86	 2
13.321	 3.85	 2
13.346	 4.51	 2
13.363	 4.67	 2
13.366	 4.11	 3
13.385	 4.44	 2
13.390	 4.45	 2
13.420	 4.33	 2
13.435	 5.08	 1
13.436	 3.96	 2
13.440	 4.03	 6
13.441	 5.53	 3
13.442	 4.11	 2
13.457	 4.43	 2
13.503	 4.24	 2
13.532	 4.00	 3
13.544	 4.22	 3
13.556	 4.07	 2
13.572	 3.83	 3
13.573	 4.53	 3
13.611	 4.04	 1
13.613	 3.91	 1
13.649	 5.21	 2
13.659	 4.93	 3
13.673	 4.87	 2
13.676	 4.38	 3
13.700	 4.19	 2
13.702	 3.99	 3
13.725	 4.44	 2
13.743	 4.35	 2
13.749	 4.22	 2
13.752	 4.47	 3
13.765	 4.06	 3
13.783	 4.72	 2
13.787	 4.22	 2
13.791	 4.23	 4
13.804	 4.50	 1
13.851	 4.07	 4
13.851	 3.86	 4
13.852	 4.05	 3
13.869	 4.43	 2
13.875	 4.07	 3
13.897	 3.94	 2
13.916	 4.02	 1
13.942	 4.11	 3
13.948	 3.92	 1
13.955	 4.00	 4
