# Simulation 708
# RelativeTime(days) Magnitude Generation
Time Mag Gen
7.112	 4.19	 1
7.246	 3.95	 1
7.899	 3.91	 1
8.036	 4.34	 1
8.483	 4.32	 1
8.523	 4.65	 1
8.549	 4.59	 1
8.582	 4.35	 1
8.917	 4.27	 1
9.037	 3.92	 1
9.263	 4.48	 1
9.275	 4.11	 1
9.369	 4.39	 1
9.665	 4.12	 1
9.756	 3.88	 1
10.069	 4.03	 1
10.109	 3.95	 1
10.666	 4.39	 1
10.733	 4.41	 1
11.130	 4.61	 1
11.264	 3.98	 1
11.342	 4.13	 1
11.904	 3.96	 1
11.991	 4.30	 1
12.155	 4.13	 1
12.695	 4.12	 1
12.764	 4.35	 1
12.846	 3.91	 1
13.235	 4.49	 1
13.250	 4.82	 1
13.536	 4.13	 1
13.646	 3.83	 1
