# Simulation 545
# RelativeTime(days) Magnitude Generation
Time Mag Gen
7.070	 4.64	 1
7.279	 4.59	 1
7.428	 4.14	 1
7.615	 5.00	 1
7.649	 3.84	 1
7.689	 4.30	 1
7.761	 4.45	 1
7.781	 4.02	 1
7.861	 4.70	 1
7.896	 4.30	 1
8.068	 3.87	 1
8.154	 4.25	 1
8.293	 4.18	 1
8.619	 4.28	 1
8.773	 3.85	 1
8.810	 3.83	 1
8.974	 4.73	 1
9.069	 4.74	 1
9.119	 4.49	 1
9.229	 4.07	 1
9.280	 3.83	 1
9.335	 4.19	 1
9.583	 3.83	 1
9.627	 4.18	 1
10.046	 3.99	 1
10.370	 4.21	 1
10.478	 4.12	 1
10.598	 4.40	 1
10.679	 5.05	 1
10.869	 3.89	 1
10.938	 3.83	 1
11.031	 3.90	 1
11.376	 3.93	 1
11.382	 3.98	 1
11.413	 4.07	 1
11.448	 3.86	 1
11.656	 4.20	 1
11.696	 3.98	 1
11.765	 4.29	 1
11.947	 3.97	 1
12.314	 4.16	 1
12.323	 3.93	 1
12.429	 4.74	 1
12.521	 4.44	 1
12.626	 4.34	 1
12.647	 4.36	 1
12.652	 3.95	 1
12.921	 4.32	 1
13.019	 4.80	 1
13.208	 4.28	 1
