# Simulation 87
# RelativeTime(days) Magnitude Generation
Time Mag Gen
7.201	 5.97	 1
7.277	 3.94	 1
7.296	 4.11	 2
7.320	 4.24	 2
7.339	 3.99	 2
7.391	 4.05	 2
7.445	 4.38	 1
7.447	 3.86	 1
7.478	 4.14	 2
7.651	 4.57	 1
7.753	 3.84	 1
7.799	 3.91	 1
7.887	 4.42	 1
7.925	 3.94	 1
8.033	 3.90	 1
8.051	 4.54	 2
8.151	 3.96	 2
8.174	 4.24	 1
8.187	 4.00	 1
8.399	 5.62	 2
8.883	 4.07	 3
8.910	 4.00	 1
8.993	 4.76	 1
9.035	 4.78	 1
9.047	 3.87	 2
9.073	 4.41	 1
9.299	 4.03	 2
9.374	 4.03	 1
9.410	 3.90	 1
9.428	 4.42	 1
10.356	 3.95	 1
10.478	 5.96	 1
10.482	 3.97	 2
10.537	 3.99	 2
10.606	 4.94	 1
10.623	 4.43	 2
10.772	 3.90	 1
10.805	 4.10	 1
10.821	 4.03	 2
10.836	 4.01	 1
10.855	 4.40	 1
10.955	 4.84	 1
11.052	 4.24	 1
11.061	 4.25	 2
11.070	 5.61	 2
11.077	 4.10	 1
11.121	 3.85	 3
11.182	 4.10	 2
11.199	 4.06	 1
11.203	 4.58	 1
11.230	 3.97	 2
11.302	 4.26	 1
11.514	 3.83	 3
11.646	 3.85	 1
12.125	 4.05	 1
12.174	 3.88	 1
12.578	 6.18	 2
12.604	 3.95	 3
12.613	 4.19	 3
12.682	 4.04	 3
12.685	 3.82	 2
12.698	 3.89	 1
12.732	 4.47	 3
12.844	 3.88	 3
12.927	 4.07	 2
13.128	 4.00	 3
13.172	 4.37	 1
13.282	 4.58	 3
13.325	 4.25	 2
13.558	 5.24	 1
13.686	 3.84	 1
13.761	 4.17	 3
13.792	 4.85	 3
13.829	 4.12	 1
13.842	 4.00	 1
