# Simulation 957
# RelativeTime(days) Magnitude Generation
Time Mag Gen
7.002	 4.29	 1
7.057	 3.87	 1
7.147	 4.05	 1
7.197	 4.59	 1
7.208	 4.34	 1
7.397	 3.90	 1
7.413	 3.90	 1
7.645	 3.87	 1
7.974	 3.86	 1
8.189	 3.85	 1
8.463	 4.19	 1
8.568	 4.09	 1
8.741	 4.05	 1
8.987	 4.79	 1
9.006	 4.23	 1
9.022	 3.94	 1
9.144	 4.37	 1
9.318	 3.95	 1
9.379	 4.40	 1
9.488	 3.89	 1
9.686	 4.90	 2
9.997	 3.95	 1
10.041	 4.85	 1
10.190	 4.23	 1
10.346	 4.05	 1
10.611	 4.07	 1
10.622	 4.19	 2
11.028	 3.89	 1
11.621	 4.63	 1
11.831	 4.04	 1
11.917	 4.60	 1
12.362	 4.05	 1
12.745	 4.27	 1
12.809	 4.11	 1
12.960	 4.10	 1
13.325	 4.13	 1
13.337	 4.53	 1
13.453	 4.01	 1
13.638	 4.21	 1
13.652	 4.15	 2
13.657	 4.37	 1
13.782	 4.52	 1
