# Simulation 229
# RelativeTime(days) Magnitude Generation
Time Mag Gen
7.110	 3.90	 1
7.148	 3.98	 1
7.330	 4.96	 1
7.410	 4.52	 1
7.469	 5.40	 1
7.508	 3.83	 1
7.725	 4.19	 1
7.847	 4.20	 1
7.863	 4.59	 1
7.957	 4.03	 1
8.230	 4.51	 1
8.334	 4.37	 1
8.347	 4.78	 1
8.354	 4.82	 1
8.362	 5.07	 1
8.524	 4.34	 1
8.565	 3.92	 1
8.635	 4.02	 1
8.733	 4.79	 1
8.817	 5.31	 1
9.086	 3.89	 1
9.191	 4.53	 1
9.325	 4.01	 1
9.350	 4.30	 1
9.609	 3.98	 1
9.696	 3.93	 1
9.771	 3.95	 1
9.833	 4.68	 1
9.859	 3.93	 1
9.888	 3.93	 1
9.992	 3.87	 1
10.122	 4.50	 1
10.296	 4.57	 1
10.525	 4.69	 1
10.761	 3.87	 1
11.103	 4.28	 1
11.281	 4.15	 1
11.440	 4.23	 1
11.715	 4.52	 1
11.999	 4.10	 1
12.379	 4.96	 1
12.486	 4.17	 1
12.604	 4.10	 1
12.944	 4.20	 1
13.039	 4.10	 1
13.667	 3.85	 1
13.763	 4.00	 1
13.799	 3.97	 1
13.838	 3.85	 1
13.911	 4.47	 1
