# Simulation 797
# RelativeTime(days) Magnitude Generation
Time Mag Gen
7.002	 3.83	 1
7.011	 3.90	 1
7.075	 3.86	 1
7.168	 3.91	 1
7.181	 3.83	 1
7.235	 4.15	 1
7.393	 3.84	 1
7.451	 4.19	 1
8.032	 4.89	 1
8.138	 4.61	 1
8.314	 3.98	 2
8.445	 3.97	 1
8.565	 3.87	 1
8.602	 4.40	 1
8.903	 3.93	 1
9.010	 4.07	 1
9.145	 5.26	 1
9.344	 3.99	 2
9.430	 4.21	 1
9.503	 4.64	 1
9.859	 3.92	 1
10.043	 4.17	 1
10.066	 4.37	 1
10.203	 3.95	 1
10.280	 4.03	 1
10.395	 3.83	 1
10.494	 4.48	 1
10.716	 4.18	 1
10.726	 3.83	 1
10.841	 3.91	 2
10.932	 4.07	 1
10.942	 4.11	 1
11.183	 3.95	 2
11.309	 4.51	 1
11.315	 4.02	 2
11.365	 4.04	 2
11.480	 4.04	 1
11.502	 4.61	 1
11.875	 4.00	 2
11.902	 3.82	 1
12.019	 3.82	 1
12.090	 3.99	 1
12.246	 4.61	 1
12.296	 6.17	 1
12.307	 4.05	 2
12.321	 4.56	 2
12.329	 3.92	 2
12.335	 4.02	 2
12.336	 4.33	 2
12.367	 4.14	 2
12.498	 4.05	 1
12.524	 4.38	 3
12.534	 4.07	 2
12.573	 3.93	 2
12.715	 5.04	 2
12.771	 4.35	 3
13.158	 4.16	 3
13.373	 3.85	 1
13.598	 3.85	 1
