# Simulation 968
# RelativeTime(days) Magnitude Generation
Time Mag Gen
7.061	 4.91	 1
7.226	 4.20	 1
7.272	 4.09	 1
7.295	 4.52	 2
7.338	 4.52	 1
7.373	 4.64	 2
7.394	 4.95	 1
7.395	 4.10	 2
7.591	 3.86	 2
7.806	 3.96	 1
7.860	 3.87	 1
7.899	 3.99	 1
7.904	 3.99	 1
7.930	 4.10	 1
8.131	 4.25	 1
8.486	 4.14	 1
8.542	 3.97	 1
8.555	 4.05	 1
8.625	 3.88	 1
8.879	 4.57	 1
8.887	 4.02	 1
8.919	 4.07	 1
8.968	 3.84	 1
9.373	 4.01	 1
9.514	 4.40	 1
9.582	 5.48	 1
9.702	 3.89	 1
9.715	 3.98	 2
9.891	 3.91	 2
9.916	 4.59	 1
10.100	 4.69	 1
10.382	 4.00	 1
10.397	 4.00	 1
10.487	 3.85	 1
10.675	 4.25	 1
10.772	 4.08	 1
10.881	 3.90	 1
11.011	 4.50	 1
11.434	 4.16	 1
11.577	 4.08	 1
11.977	 4.13	 1
12.041	 5.00	 2
12.096	 3.87	 3
12.463	 4.00	 1
13.076	 4.47	 1
13.180	 3.96	 1
13.351	 4.15	 1
13.956	 4.74	 1
