# Simulation 244
# RelativeTime(days) Magnitude Generation
Time Mag Gen
7.145	 4.26	 1
7.303	 3.96	 1
7.372	 4.07	 1
7.469	 3.88	 1
7.537	 3.98	 1
7.701	 5.37	 1
7.798	 4.41	 1
7.894	 3.82	 1
7.922	 5.24	 1
7.928	 3.92	 2
7.974	 4.62	 2
8.078	 4.06	 2
8.125	 4.12	 2
8.165	 4.04	 1
8.179	 4.40	 1
8.374	 4.05	 1
8.488	 4.07	 1
8.926	 5.34	 3
8.971	 4.48	 1
9.244	 3.83	 1
9.755	 3.88	 1
9.958	 4.57	 1
10.024	 3.90	 1
10.053	 3.95	 1
10.061	 4.41	 1
10.166	 4.11	 1
10.455	 4.44	 1
10.521	 4.01	 1
10.655	 4.10	 1
10.731	 4.68	 1
10.740	 4.08	 1
11.159	 3.87	 1
11.265	 4.26	 1
11.349	 4.58	 1
11.460	 4.38	 1
11.577	 4.79	 1
11.785	 4.02	 1
11.796	 4.24	 1
11.839	 3.90	 1
11.880	 3.84	 2
11.888	 4.06	 2
11.890	 4.14	 1
12.193	 4.15	 1
12.293	 4.07	 1
12.322	 4.10	 1
12.385	 5.14	 1
12.398	 4.16	 1
12.646	 4.35	 2
12.796	 4.02	 1
12.875	 4.60	 1
13.192	 4.60	 2
13.317	 4.81	 2
13.336	 4.16	 1
13.638	 4.55	 3
13.850	 3.89	 2
