# Simulation 500
# RelativeTime(days) Magnitude Generation
Time Mag Gen
7.165	 4.82	 1
7.205	 4.73	 1
7.240	 3.96	 1
7.412	 5.03	 1
7.615	 4.23	 1
7.961	 4.61	 1
8.051	 3.96	 1
8.177	 3.99	 1
8.438	 4.35	 1
8.575	 3.90	 1
8.578	 5.02	 1
8.624	 4.05	 1
8.637	 4.28	 2
8.640	 3.90	 1
8.688	 4.05	 1
9.038	 4.12	 2
9.042	 4.05	 3
9.227	 4.21	 2
9.353	 3.89	 1
9.415	 4.07	 1
9.537	 3.87	 1
9.593	 4.00	 1
9.641	 3.82	 1
9.660	 5.05	 1
9.741	 5.83	 1
9.770	 4.91	 1
9.771	 3.92	 2
9.773	 4.21	 1
9.883	 4.04	 1
9.941	 7.71	 1
9.943	 3.85	 2
9.944	 3.92	 2
9.945	 4.32	 2
9.945	 4.02	 2
9.947	 4.05	 2
9.947	 4.31	 2
9.947	 4.05	 2
9.948	 3.89	 2
9.948	 4.69	 2
9.949	 4.26	 2
9.949	 4.04	 2
9.949	 4.52	 2
9.950	 4.17	 2
9.950	 4.85	 2
9.953	 3.92	 2
9.954	 3.96	 2
9.955	 3.99	 2
9.956	 3.95	 2
9.956	 4.06	 2
9.956	 3.99	 2
9.956	 4.18	 2
9.959	 5.17	 2
9.961	 3.93	 2
9.962	 4.73	 2
9.963	 3.91	 2
9.963	 3.98	 2
9.964	 4.27	 2
9.966	 4.01	 2
9.966	 3.98	 2
9.967	 4.01	 2
9.970	 5.24	 2
9.973	 4.60	 2
9.973	 4.15	 2
9.975	 4.24	 2
9.976	 3.95	 2
9.978	 3.99	 2
9.979	 4.17	 2
9.980	 4.05	 2
9.980	 4.61	 2
9.982	 4.60	 2
9.982	 4.14	 2
9.983	 3.85	 2
9.983	 4.15	 2
9.985	 3.85	 2
9.985	 4.47	 2
9.985	 4.33	 2
9.987	 3.97	 2
9.987	 4.15	 2
9.987	 4.89	 2
9.988	 4.16	 2
9.989	 3.96	 2
9.991	 4.50	 2
9.992	 4.60	 2
9.992	 3.98	 2
9.998	 3.86	 2
10.001	 3.97	 2
10.010	 4.24	 2
10.011	 3.99	 2
10.014	 4.20	 2
10.019	 4.52	 2
10.019	 3.96	 2
10.021	 4.29	 2
10.021	 3.91	 2
10.023	 4.74	 2
10.025	 3.88	 2
10.026	 3.96	 2
10.027	 4.65	 3
10.028	 4.01	 2
10.029	 5.23	 2
10.030	 4.04	 2
10.030	 3.82	 2
10.031	 3.88	 2
10.037	 3.85	 2
10.039	 4.08	 2
10.046	 5.16	 2
10.048	 4.09	 2
10.049	 4.00	 2
10.051	 3.86	 2
10.055	 3.84	 2
10.058	 3.97	 2
10.059	 3.86	 2
10.060	 5.02	 2
10.062	 3.98	 2
10.067	 4.24	 2
10.067	 3.83	 2
10.067	 4.74	 2
10.072	 3.83	 2
10.073	 4.00	 2
10.077	 5.92	 2
10.078	 4.81	 2
10.081	 4.66	 2
10.082	 4.45	 2
10.084	 4.08	 2
10.085	 4.08	 1
10.086	 3.83	 2
10.089	 3.97	 2
10.092	 4.39	 3
10.093	 3.93	 2
10.095	 4.30	 2
10.099	 4.21	 2
10.100	 3.85	 2
10.102	 3.91	 3
10.104	 4.54	 2
10.107	 3.92	 2
10.111	 4.15	 2
10.111	 4.16	 2
10.123	 4.08	 3
10.126	 5.03	 2
10.130	 4.50	 2
10.133	 3.87	 2
10.135	 3.83	 2
10.136	 3.84	 2
10.137	 4.08	 2
10.137	 4.00	 2
10.139	 4.48	 2
10.140	 6.38	 3
10.142	 4.14	 2
10.142	 3.82	 2
10.143	 4.71	 4
10.144	 5.96	 3
10.144	 3.90	 2
10.145	 3.86	 2
10.150	 3.89	 2
10.158	 3.89	 3
10.162	 4.33	 2
10.162	 4.32	 1
10.164	 4.79	 2
10.165	 4.06	 4
10.171	 4.24	 2
10.173	 4.11	 3
10.176	 4.07	 2
10.177	 4.09	 2
10.178	 4.14	 3
10.180	 3.96	 4
10.187	 3.91	 4
10.189	 3.87	 2
10.190	 4.07	 2
10.191	 4.42	 4
10.193	 4.01	 2
10.193	 4.81	 2
10.195	 4.33	 2
10.196	 4.30	 2
10.198	 4.07	 2
10.200	 4.34	 2
10.201	 3.86	 2
10.201	 4.11	 2
10.208	 4.97	 2
10.210	 4.32	 4
10.211	 3.98	 2
10.215	 4.06	 2
10.227	 3.97	 4
10.228	 4.02	 4
10.230	 4.14	 2
10.236	 4.62	 4
10.237	 4.92	 2
10.237	 4.37	 2
10.240	 3.83	 2
10.245	 3.88	 2
10.248	 4.18	 3
10.251	 3.82	 2
10.251	 3.94	 2
10.260	 4.31	 2
10.263	 3.92	 2
10.268	 3.89	 2
10.270	 4.84	 5
10.271	 3.91	 2
10.272	 4.31	 2
10.273	 3.92	 2
10.276	 4.08	 2
10.283	 3.88	 2
10.284	 3.92	 2
10.286	 3.86	 2
10.287	 4.05	 2
10.288	 4.43	 2
10.290	 4.15	 2
10.292	 4.77	 2
10.293	 4.09	 2
10.294	 3.83	 4
10.294	 4.40	 2
10.304	 3.93	 2
10.305	 3.91	 2
10.314	 3.89	 2
10.320	 3.98	 2
10.326	 4.70	 2
10.331	 3.97	 2
10.336	 4.04	 2
10.341	 3.95	 2
10.344	 4.40	 1
10.344	 4.21	 2
10.359	 5.68	 2
10.366	 4.27	 2
10.369	 3.85	 2
10.374	 4.28	 2
10.374	 4.22	 3
10.377	 4.54	 2
10.378	 4.82	 2
10.380	 4.92	 3
10.380	 4.23	 4
10.383	 4.20	 2
10.385	 4.82	 3
10.388	 3.89	 2
10.392	 4.10	 2
10.394	 3.95	 2
10.394	 3.90	 2
10.399	 4.24	 2
10.410	 3.96	 2
10.417	 3.85	 2
10.418	 4.32	 2
10.420	 4.18	 2
10.426	 4.57	 2
10.430	 3.84	 2
10.431	 4.21	 2
10.436	 3.86	 1
10.436	 4.39	 4
10.449	 4.99	 2
10.452	 3.82	 2
10.453	 4.08	 2
10.454	 4.31	 4
10.462	 4.34	 2
10.463	 4.42	 2
10.463	 4.19	 1
10.463	 4.57	 2
10.466	 4.61	 2
10.471	 4.11	 3
10.475	 4.09	 3
10.485	 4.47	 2
10.485	 3.95	 2
10.485	 4.12	 2
10.489	 4.25	 3
10.504	 3.85	 2
10.505	 3.94	 2
10.516	 5.01	 1
10.518	 3.83	 3
10.523	 3.89	 4
10.530	 4.74	 2
10.532	 4.31	 2
10.535	 5.38	 2
10.542	 3.86	 2
10.542	 4.35	 2
10.545	 4.01	 2
10.554	 4.49	 2
10.561	 4.46	 2
10.562	 4.38	 2
10.596	 4.01	 2
10.600	 4.08	 2
10.617	 4.18	 2
10.619	 4.33	 2
10.631	 4.56	 1
10.632	 4.32	 4
10.636	 4.55	 2
10.638	 4.32	 2
10.639	 5.16	 2
10.642	 4.34	 2
10.656	 4.63	 2
10.659	 4.14	 2
10.662	 4.19	 2
10.670	 3.90	 3
10.694	 4.45	 3
10.702	 4.50	 1
10.711	 4.63	 3
10.713	 3.96	 2
10.724	 3.85	 2
10.739	 4.46	 2
10.743	 4.25	 3
10.743	 4.23	 1
10.747	 4.79	 3
10.750	 4.39	 2
10.754	 3.87	 2
10.797	 4.09	 2
10.811	 3.86	 2
10.819	 4.61	 2
10.832	 4.61	 2
10.833	 4.19	 2
10.845	 4.16	 2
10.846	 4.69	 2
10.847	 4.05	 2
10.860	 3.82	 2
10.868	 3.88	 2
10.868	 4.34	 2
10.879	 4.08	 2
10.883	 3.90	 4
10.886	 5.08	 3
10.886	 4.83	 2
10.891	 5.51	 2
10.908	 4.34	 1
10.911	 4.09	 3
10.912	 3.95	 4
10.915	 4.37	 2
10.921	 4.19	 2
10.927	 5.59	 2
10.942	 3.85	 2
10.953	 3.92	 3
10.954	 4.32	 3
10.994	 3.83	 2
11.013	 4.13	 2
11.035	 3.98	 2
11.047	 4.59	 2
11.056	 3.95	 2
11.063	 4.06	 3
11.080	 4.31	 2
11.111	 4.09	 2
11.118	 4.61	 2
11.148	 3.84	 2
11.150	 4.29	 2
11.156	 4.21	 2
11.167	 4.20	 2
11.174	 4.33	 2
11.176	 4.41	 2
11.177	 4.70	 3
11.183	 4.35	 2
11.188	 4.69	 3
11.194	 4.07	 1
11.196	 6.02	 4
11.211	 3.91	 4
11.223	 3.84	 2
11.240	 4.09	 3
11.265	 4.34	 4
11.267	 4.08	 4
11.270	 3.95	 2
11.274	 4.11	 4
11.290	 5.89	 3
11.293	 3.89	 3
11.299	 4.05	 2
11.306	 3.86	 2
11.326	 4.71	 2
11.331	 4.36	 2
11.334	 4.49	 2
11.338	 4.03	 3
11.344	 4.08	 2
11.354	 4.01	 2
11.356	 4.95	 3
11.363	 4.52	 5
11.373	 3.87	 2
11.380	 3.86	 3
11.387	 3.95	 1
11.397	 3.85	 2
11.412	 3.86	 2
11.416	 4.23	 2
11.417	 3.87	 2
11.418	 4.18	 2
11.431	 4.37	 2
11.433	 3.89	 4
11.454	 4.16	 3
11.455	 4.34	 4
11.461	 4.11	 1
11.478	 4.34	 2
11.479	 5.30	 2
11.479	 4.00	 2
11.481	 4.34	 2
11.485	 4.39	 2
11.500	 3.98	 3
11.504	 3.91	 3
11.527	 3.99	 2
11.544	 4.62	 2
11.616	 3.86	 2
11.641	 4.01	 2
11.664	 4.04	 1
11.675	 3.87	 5
11.680	 3.96	 3
11.681	 4.05	 2
11.697	 4.74	 3
11.698	 4.22	 3
11.709	 4.17	 2
11.720	 4.66	 2
11.734	 4.07	 2
11.780	 4.41	 5
11.781	 4.24	 2
11.808	 3.96	 4
11.812	 3.93	 2
11.826	 4.18	 2
11.838	 4.00	 4
11.839	 3.86	 2
11.847	 4.06	 2
11.861	 3.89	 4
11.865	 4.51	 2
11.884	 4.60	 3
11.885	 3.95	 3
11.918	 3.83	 2
11.931	 3.96	 2
11.935	 4.72	 2
11.948	 4.35	 2
11.948	 4.54	 1
11.949	 3.99	 3
11.972	 3.88	 3
11.981	 4.27	 2
11.995	 4.46	 2
11.996	 3.84	 2
12.004	 4.38	 2
12.030	 4.10	 2
12.032	 4.03	 2
12.042	 3.83	 4
12.045	 4.51	 4
12.045	 4.14	 3
12.045	 4.51	 2
12.047	 3.86	 4
12.075	 4.49	 2
12.117	 4.01	 4
12.135	 4.17	 3
12.142	 3.90	 2
12.146	 3.83	 2
12.149	 5.47	 4
12.177	 4.07	 2
12.179	 4.07	 1
12.190	 4.08	 2
12.191	 4.91	 3
12.202	 3.90	 3
12.232	 4.03	 4
12.242	 3.88	 5
12.260	 3.99	 2
12.265	 4.10	 2
12.282	 3.91	 2
12.283	 3.92	 2
12.295	 3.89	 5
12.296	 3.87	 5
12.315	 4.06	 3
12.329	 4.94	 5
12.342	 4.01	 2
12.369	 3.88	 4
12.380	 4.13	 2
12.427	 4.20	 2
12.444	 4.29	 2
12.457	 3.97	 2
12.462	 4.11	 5
12.463	 4.09	 2
12.476	 3.92	 3
12.506	 4.14	 2
12.510	 4.19	 2
12.512	 4.92	 2
12.521	 3.89	 1
12.533	 3.98	 1
12.537	 5.31	 2
12.557	 4.42	 2
12.569	 4.22	 3
12.587	 3.87	 3
12.595	 4.49	 2
12.607	 3.99	 3
12.625	 4.13	 2
12.638	 3.85	 2
12.662	 4.29	 2
12.663	 4.05	 2
12.683	 3.89	 2
12.692	 3.85	 1
12.713	 3.89	 6
12.725	 3.83	 4
12.747	 4.37	 2
12.790	 4.57	 2
12.889	 4.21	 3
12.895	 5.03	 1
12.905	 4.06	 1
12.921	 3.93	 3
12.949	 3.85	 2
12.988	 3.90	 2
12.991	 3.85	 4
13.008	 4.51	 1
13.042	 3.99	 3
13.044	 3.85	 2
13.051	 4.60	 3
13.125	 4.24	 2
13.129	 4.18	 3
13.131	 3.90	 2
13.132	 4.75	 2
13.136	 4.23	 3
13.150	 4.12	 2
13.195	 4.57	 2
13.200	 6.91	 1
13.200	 4.06	 2
13.201	 4.07	 2
13.212	 3.84	 2
13.223	 4.48	 2
13.228	 4.24	 2
13.235	 4.60	 2
13.241	 3.85	 2
13.250	 3.87	 2
13.251	 3.83	 2
13.255	 3.96	 2
13.262	 5.06	 2
13.263	 4.54	 3
13.266	 4.84	 2
13.268	 4.27	 2
13.283	 3.99	 1
13.285	 4.77	 1
13.286	 3.96	 2
13.292	 4.81	 2
13.307	 4.47	 2
13.313	 4.29	 3
13.314	 4.57	 2
13.319	 3.83	 2
13.333	 4.14	 2
13.334	 4.31	 2
13.386	 3.83	 2
13.388	 4.12	 3
13.393	 4.49	 2
13.417	 4.80	 3
13.440	 4.85	 2
13.444	 3.95	 2
13.488	 4.15	 3
13.493	 5.60	 2
13.501	 3.90	 2
13.528	 4.70	 1
13.554	 4.00	 2
13.565	 4.04	 2
13.587	 5.54	 2
13.598	 4.20	 3
13.604	 4.14	 1
13.611	 4.07	 3
13.620	 3.85	 2
13.623	 4.69	 2
13.627	 3.83	 5
13.628	 4.10	 3
13.637	 4.38	 1
13.646	 4.18	 2
13.650	 4.22	 2
13.654	 3.83	 4
13.659	 3.95	 4
13.669	 4.09	 2
13.674	 4.22	 2
13.686	 4.47	 2
13.702	 4.17	 2
13.714	 4.40	 2
13.723	 4.22	 2
13.733	 4.06	 3
13.749	 4.07	 2
13.749	 5.46	 2
13.755	 4.46	 1
13.759	 3.90	 2
13.775	 3.98	 3
13.778	 4.75	 2
13.784	 4.28	 3
13.809	 3.89	 2
13.833	 3.84	 3
13.839	 3.90	 2
13.842	 3.94	 2
13.918	 4.00	 3
13.964	 4.31	 2
13.999	 4.60	 2
