# Simulation 209
# RelativeTime(days) Magnitude Generation
Time Mag Gen
7.001	 4.56	 1
7.153	 5.00	 1
7.163	 3.94	 1
7.237	 4.10	 1
7.278	 3.82	 1
7.352	 3.90	 1
7.417	 4.08	 1
7.434	 5.72	 1
7.786	 4.95	 1
7.813	 4.11	 1
7.836	 4.06	 1
7.889	 4.23	 1
7.982	 4.07	 1
8.087	 4.44	 1
8.214	 4.34	 1
8.348	 4.22	 1
8.406	 4.68	 1
8.738	 3.92	 1
8.804	 4.24	 1
9.025	 3.85	 1
9.061	 5.04	 1
9.624	 3.89	 1
9.998	 5.04	 1
10.073	 3.84	 1
10.323	 4.62	 1
10.824	 4.78	 1
10.934	 4.68	 1
11.151	 4.02	 1
11.185	 3.93	 1
11.544	 4.24	 1
11.647	 3.84	 1
11.723	 5.13	 1
11.819	 4.18	 1
11.860	 3.98	 1
12.007	 4.13	 1
12.326	 4.02	 1
12.349	 3.85	 1
12.425	 3.84	 1
12.711	 3.88	 1
13.206	 4.88	 1
13.220	 3.86	 1
13.705	 4.05	 1
