# Simulation 12
# RelativeTime(days) Magnitude Generation
Time Mag Gen
7.047	 5.11	 1
7.066	 4.32	 1
7.171	 4.20	 1
7.300	 4.08	 1
7.370	 4.58	 1
7.402	 5.33	 1
7.406	 3.94	 1
7.566	 3.99	 1
7.605	 4.23	 1
7.878	 5.28	 1
8.036	 5.11	 1
8.237	 3.82	 1
8.267	 4.82	 1
8.430	 4.09	 1
8.435	 4.07	 1
8.470	 4.01	 1
8.491	 4.57	 1
8.537	 4.38	 1
8.681	 3.89	 1
8.711	 3.85	 1
9.103	 4.14	 1
9.124	 3.91	 1
9.146	 4.41	 1
9.176	 5.03	 1
9.419	 5.11	 1
9.490	 3.85	 1
10.091	 4.97	 1
10.127	 3.85	 1
10.165	 3.89	 1
10.229	 4.11	 1
10.678	 4.80	 1
10.950	 4.29	 1
11.147	 3.93	 1
11.162	 5.68	 1
11.257	 3.84	 1
11.297	 4.32	 1
11.458	 5.31	 1
11.557	 4.00	 1
11.808	 4.00	 1
11.965	 4.90	 1
12.003	 4.46	 1
12.113	 4.03	 1
12.226	 4.53	 1
12.231	 3.85	 1
12.383	 3.90	 1
12.473	 4.12	 1
12.721	 4.43	 1
12.948	 4.04	 1
12.969	 3.90	 1
13.489	 3.87	 1
13.696	 4.64	 1
13.784	 5.61	 1
