# Simulation 762
# RelativeTime(days) Magnitude Generation
Time Mag Gen
7.098	 4.03	 1
7.151	 5.35	 1
7.434	 4.07	 1
7.695	 4.17	 1
7.918	 3.97	 1
7.929	 3.96	 1
7.930	 4.96	 1
8.327	 4.27	 1
8.452	 4.66	 1
8.543	 4.33	 1
8.543	 3.86	 1
9.411	 3.91	 1
9.427	 3.89	 1
9.463	 3.95	 1
10.194	 4.76	 2
10.326	 5.18	 1
10.333	 4.03	 1
10.414	 3.94	 1
10.503	 3.97	 1
10.584	 4.70	 1
10.781	 4.28	 1
11.047	 3.86	 1
11.061	 4.64	 1
11.212	 3.92	 1
11.252	 4.24	 1
11.316	 3.89	 1
11.324	 4.29	 1
11.371	 3.92	 3
11.619	 3.95	 1
11.635	 4.06	 1
11.837	 4.03	 2
11.970	 4.12	 1
12.056	 4.82	 1
12.147	 4.12	 1
12.208	 4.19	 1
12.254	 4.06	 1
12.293	 3.97	 1
12.448	 4.67	 1
12.471	 4.00	 1
12.578	 3.97	 1
12.926	 4.58	 1
13.074	 3.86	 1
13.107	 4.59	 1
13.206	 4.01	 1
13.246	 4.41	 1
13.255	 4.05	 1
13.695	 4.20	 1
13.824	 4.46	 1
13.926	 4.25	 2
13.987	 4.57	 2
