# Simulation 701
# RelativeTime(days) Magnitude Generation
Time Mag Gen
7.181	 3.95	 1
7.196	 3.83	 1
7.225	 4.81	 1
7.429	 4.53	 1
7.440	 3.87	 1
7.546	 4.70	 1
7.641	 4.10	 1
7.717	 4.45	 1
7.841	 4.08	 1
7.870	 4.10	 1
7.903	 3.83	 1
8.012	 4.24	 1
8.022	 5.13	 2
8.054	 4.57	 2
8.299	 4.03	 1
8.349	 4.06	 1
8.406	 3.87	 1
8.486	 4.21	 1
8.649	 4.21	 1
8.682	 4.31	 2
8.898	 4.12	 1
9.030	 4.04	 1
9.406	 3.83	 1
9.627	 4.30	 1
9.632	 4.92	 2
9.682	 3.86	 1
9.742	 4.07	 1
9.863	 4.16	 1
10.078	 4.33	 1
10.247	 4.77	 1
10.556	 4.26	 1
10.985	 4.20	 1
11.143	 4.57	 2
11.175	 3.84	 1
11.494	 4.09	 1
11.647	 4.15	 2
11.783	 4.04	 1
11.975	 3.88	 1
12.194	 4.84	 1
12.216	 3.87	 2
12.345	 3.89	 1
13.075	 4.02	 1
13.571	 3.99	 1
13.675	 4.51	 2
13.967	 5.96	 1
13.972	 4.04	 2
