# Simulation 371
# RelativeTime(days) Magnitude Generation
Time Mag Gen
7.015	 3.87	 1
7.102	 5.01	 1
7.255	 4.17	 1
7.508	 4.19	 1
7.814	 3.83	 1
7.973	 4.09	 1
8.009	 4.83	 1
8.147	 3.87	 1
8.202	 4.28	 1
8.231	 3.85	 1
8.353	 4.64	 1
8.358	 3.97	 1
8.588	 4.10	 1
8.837	 4.33	 1
8.872	 3.85	 1
9.005	 3.92	 1
9.275	 4.10	 1
9.327	 4.06	 1
9.389	 4.08	 1
9.713	 4.29	 1
9.754	 4.06	 1
9.802	 4.40	 1
9.859	 4.23	 1
10.033	 3.87	 1
10.119	 3.99	 1
10.196	 5.35	 1
10.414	 4.33	 1
10.481	 3.93	 1
10.769	 4.16	 1
11.060	 4.18	 1
11.171	 4.22	 1
11.246	 3.94	 1
11.356	 4.10	 1
11.430	 4.45	 1
11.468	 4.12	 1
11.805	 5.12	 1
12.063	 4.24	 1
12.136	 3.88	 1
12.220	 3.89	 1
12.447	 3.87	 1
12.469	 3.96	 1
12.481	 3.89	 1
12.514	 4.71	 1
12.519	 4.24	 1
12.566	 4.23	 1
12.807	 4.28	 1
12.814	 4.49	 1
13.027	 3.90	 1
13.045	 3.93	 1
13.243	 3.97	 1
13.259	 4.16	 1
13.381	 3.88	 1
13.415	 4.08	 1
13.644	 4.04	 1
13.727	 3.87	 1
13.769	 5.01	 1
13.776	 4.07	 1
13.878	 5.00	 1
