# Simulation 276
# RelativeTime(days) Magnitude Generation
Time Mag Gen
7.051	 4.18	 1
7.284	 4.31	 1
7.423	 3.92	 1
7.441	 3.87	 1
7.792	 4.00	 1
7.897	 3.94	 1
7.916	 3.87	 1
7.919	 4.20	 1
7.971	 3.90	 1
8.047	 4.55	 1
8.099	 4.73	 1
8.306	 4.06	 1
8.330	 4.16	 1
8.465	 4.52	 1
8.691	 3.94	 1
8.817	 4.68	 1
8.870	 4.50	 1
9.117	 4.33	 2
9.383	 4.01	 1
9.706	 4.06	 1
9.792	 4.23	 1
9.961	 3.96	 1
9.988	 4.13	 1
10.055	 3.85	 1
10.189	 3.91	 1
10.274	 4.04	 1
10.703	 7.39	 1
10.703	 3.97	 2
10.705	 4.64	 2
10.707	 4.37	 2
10.709	 4.21	 2
10.714	 3.88	 2
10.716	 5.00	 2
10.717	 4.07	 2
10.722	 3.86	 2
10.738	 4.03	 2
10.743	 3.96	 2
10.743	 4.37	 2
10.745	 3.86	 2
10.746	 4.18	 2
10.755	 4.41	 2
10.758	 4.76	 2
10.760	 3.96	 2
10.763	 4.08	 2
10.769	 4.33	 2
10.770	 4.29	 2
10.771	 4.40	 2
10.775	 4.02	 2
10.775	 3.84	 2
10.782	 4.24	 2
10.782	 4.34	 2
10.782	 3.86	 2
10.784	 4.05	 2
10.786	 4.32	 2
10.791	 4.04	 2
10.797	 4.17	 2
10.797	 4.08	 2
10.813	 4.10	 2
10.816	 3.90	 2
10.817	 3.98	 2
10.830	 4.08	 2
10.833	 3.82	 2
10.835	 4.01	 2
10.849	 3.86	 2
10.849	 3.91	 2
10.850	 4.38	 2
10.852	 4.00	 2
10.873	 3.86	 2
10.874	 4.44	 2
10.891	 3.99	 2
10.903	 4.45	 2
10.903	 4.56	 2
10.905	 5.37	 2
10.908	 4.63	 2
10.915	 3.89	 2
10.919	 5.38	 2
10.920	 3.83	 2
10.922	 3.82	 2
10.929	 4.47	 2
10.946	 3.98	 2
10.951	 4.27	 2
10.953	 3.97	 2
10.974	 3.83	 3
10.979	 4.45	 1
10.990	 3.97	 2
10.990	 5.00	 2
10.992	 4.11	 2
10.993	 3.95	 2
10.995	 4.53	 2
10.996	 4.15	 3
10.996	 5.57	 2
11.018	 4.02	 2
11.026	 3.91	 2
11.027	 4.92	 2
11.032	 4.07	 2
11.043	 4.04	 2
11.045	 3.99	 2
11.054	 4.61	 2
11.076	 4.44	 3
11.089	 4.05	 2
11.099	 4.00	 2
11.100	 4.21	 3
11.109	 4.12	 3
11.110	 4.49	 3
11.128	 3.92	 2
11.141	 3.90	 2
11.160	 3.84	 1
11.161	 4.07	 2
11.161	 3.85	 2
11.167	 3.91	 2
11.172	 3.89	 2
11.190	 4.09	 2
11.231	 4.10	 2
11.251	 3.85	 2
11.256	 3.86	 2
11.339	 4.01	 2
11.342	 3.89	 2
11.350	 4.12	 3
11.355	 3.97	 2
11.362	 3.83	 2
11.388	 4.67	 2
11.415	 4.33	 2
11.422	 4.10	 2
11.439	 4.11	 3
11.446	 3.92	 2
11.489	 3.95	 1
11.536	 3.93	 2
11.562	 4.49	 2
11.571	 4.13	 2
11.578	 4.89	 2
11.628	 3.86	 2
11.661	 4.59	 3
11.667	 4.13	 3
11.685	 4.35	 2
11.704	 4.29	 2
11.712	 4.50	 2
11.718	 3.83	 2
11.731	 4.68	 2
11.732	 4.10	 1
11.743	 4.20	 3
11.748	 4.13	 2
11.751	 3.98	 2
11.755	 4.86	 2
11.763	 4.48	 2
11.778	 4.62	 2
11.794	 4.03	 4
11.832	 3.95	 2
11.851	 4.19	 2
11.882	 4.37	 3
11.911	 4.51	 2
11.913	 4.75	 2
11.944	 4.20	 2
11.952	 3.84	 2
11.981	 3.93	 2
11.990	 4.27	 2
11.993	 3.96	 2
12.004	 4.05	 2
12.054	 4.06	 2
12.066	 3.97	 3
12.125	 3.83	 2
12.238	 5.08	 2
12.242	 3.96	 2
12.268	 4.04	 3
12.285	 3.91	 2
12.393	 4.77	 2
12.435	 3.90	 2
12.437	 3.98	 3
12.439	 3.85	 2
12.446	 4.14	 2
12.457	 4.63	 3
12.468	 3.94	 2
12.495	 4.48	 4
12.569	 4.47	 3
12.650	 3.97	 5
12.654	 3.97	 3
12.677	 3.87	 2
12.819	 4.48	 2
12.829	 4.64	 3
12.915	 4.01	 2
12.964	 4.41	 2
12.970	 4.53	 2
12.980	 3.87	 2
13.080	 4.55	 2
13.107	 4.28	 2
13.193	 4.04	 1
13.206	 3.93	 1
13.265	 4.16	 2
13.319	 4.11	 2
13.398	 4.21	 2
13.400	 4.03	 2
13.511	 3.98	 2
13.628	 4.55	 2
13.656	 3.99	 2
13.700	 4.24	 1
13.703	 3.89	 2
13.763	 4.31	 2
13.807	 4.56	 2
13.996	 3.84	 2
