# Simulation 148
# RelativeTime(days) Magnitude Generation
Time Mag Gen
7.070	 4.06	 1
7.236	 3.97	 1
7.360	 3.90	 1
7.438	 4.41	 1
7.715	 4.75	 1
7.741	 3.90	 1
7.852	 4.01	 1
7.888	 3.93	 1
7.982	 4.38	 2
8.156	 4.27	 1
8.164	 4.33	 1
8.648	 4.70	 1
8.661	 4.19	 1
8.695	 3.92	 1
8.720	 5.31	 1
9.018	 3.82	 1
9.060	 4.07	 1
9.251	 3.86	 1
9.253	 4.30	 1
9.286	 4.11	 1
9.287	 5.11	 1
9.396	 6.69	 2
9.403	 3.91	 3
9.413	 4.19	 1
9.417	 5.22	 3
9.422	 4.56	 3
9.442	 4.45	 3
9.444	 3.84	 3
9.457	 4.24	 3
9.486	 5.70	 3
9.501	 4.19	 3
9.516	 4.93	 4
9.528	 4.29	 1
9.566	 4.74	 1
9.570	 7.74	 4
9.570	 4.14	 5
9.572	 4.86	 5
9.574	 3.88	 5
9.576	 4.05	 5
9.577	 3.83	 5
9.579	 4.29	 5
9.579	 4.24	 5
9.579	 4.37	 5
9.580	 3.92	 5
9.581	 4.23	 5
9.586	 4.15	 5
9.586	 3.96	 5
9.586	 4.00	 5
9.587	 4.09	 5
9.588	 4.27	 5
9.589	 3.99	 5
9.590	 3.87	 5
9.592	 4.10	 5
9.592	 4.08	 1
9.592	 5.16	 5
9.593	 4.05	 5
9.593	 5.15	 5
9.596	 4.03	 5
9.596	 5.20	 5
9.596	 3.86	 5
9.597	 5.32	 5
9.598	 4.23	 5
9.598	 4.44	 6
9.598	 4.55	 5
9.599	 4.07	 5
9.599	 3.91	 5
9.602	 4.02	 5
9.604	 3.99	 5
9.608	 4.48	 5
9.611	 3.98	 5
9.614	 3.97	 5
9.615	 3.94	 5
9.615	 3.85	 5
9.616	 3.83	 5
9.616	 4.22	 6
9.617	 4.51	 5
9.618	 3.93	 5
9.618	 4.08	 5
9.619	 4.03	 5
9.621	 4.01	 5
9.621	 4.05	 5
9.622	 3.94	 5
9.625	 3.99	 5
9.626	 4.00	 5
9.634	 4.65	 3
9.634	 5.03	 5
9.637	 4.06	 5
9.638	 4.30	 3
9.642	 4.23	 5
9.642	 4.07	 1
9.646	 4.06	 5
9.647	 4.38	 5
9.649	 4.48	 5
9.650	 4.36	 5
9.654	 3.95	 5
9.655	 4.83	 5
9.657	 4.36	 5
9.657	 4.45	 5
9.658	 4.99	 5
9.660	 4.02	 5
9.660	 3.88	 5
9.662	 3.87	 5
9.663	 3.89	 5
9.663	 3.88	 5
9.664	 4.22	 5
9.670	 4.43	 5
9.670	 3.82	 5
9.671	 4.14	 5
9.671	 3.95	 5
9.671	 4.67	 5
9.674	 4.36	 5
9.674	 4.09	 6
9.675	 4.36	 5
9.676	 5.14	 5
9.676	 4.52	 5
9.678	 4.46	 5
9.683	 3.98	 5
9.684	 3.86	 5
9.684	 4.04	 5
9.686	 4.08	 5
9.686	 4.04	 5
9.690	 3.89	 5
9.690	 4.10	 5
9.691	 4.93	 5
9.691	 3.92	 5
9.691	 4.16	 6
9.694	 4.61	 5
9.698	 4.02	 5
9.701	 4.14	 5
9.705	 4.08	 5
9.705	 4.10	 5
9.717	 4.26	 5
9.718	 3.96	 5
9.718	 4.39	 5
9.719	 4.96	 5
9.722	 4.04	 6
9.725	 4.00	 5
9.726	 3.91	 5
9.728	 4.19	 5
9.742	 3.95	 5
9.742	 4.25	 5
9.742	 3.83	 5
9.744	 4.70	 5
9.745	 3.91	 6
9.745	 3.89	 6
9.745	 3.93	 5
9.750	 3.99	 5
9.755	 4.42	 6
9.757	 3.96	 5
9.758	 3.94	 5
9.759	 4.16	 5
9.762	 3.89	 5
9.765	 3.92	 5
9.770	 3.97	 5
9.771	 4.00	 5
9.777	 3.90	 3
9.778	 4.40	 5
9.788	 4.32	 5
9.789	 4.41	 3
9.790	 3.89	 5
9.797	 3.91	 5
9.800	 5.13	 5
9.803	 4.04	 5
9.805	 3.84	 5
9.806	 4.30	 5
9.808	 4.48	 5
9.808	 4.04	 5
9.808	 3.99	 5
9.810	 3.93	 6
9.811	 4.43	 5
9.811	 4.34	 5
9.813	 4.21	 5
9.822	 5.96	 5
9.823	 3.98	 5
9.833	 4.52	 5
9.835	 4.02	 6
9.837	 4.24	 5
9.841	 3.91	 5
9.844	 3.83	 5
9.846	 4.00	 6
9.846	 3.98	 5
9.848	 4.01	 6
9.850	 4.07	 5
9.852	 3.91	 5
9.858	 4.13	 5
9.863	 4.18	 5
9.869	 4.52	 5
9.869	 4.53	 5
9.876	 3.98	 5
9.881	 3.84	 5
9.883	 4.20	 6
9.884	 3.90	 5
9.885	 4.65	 5
9.887	 3.90	 6
9.892	 3.97	 5
9.892	 4.85	 5
9.893	 4.12	 5
9.896	 4.87	 5
9.897	 5.19	 5
9.900	 3.89	 5
9.904	 4.05	 5
9.904	 4.68	 5
9.904	 3.93	 5
9.907	 4.10	 5
9.914	 4.22	 1
9.914	 4.41	 5
9.919	 4.21	 5
9.920	 4.27	 2
9.924	 5.05	 5
9.924	 4.52	 5
9.926	 4.03	 5
9.930	 4.95	 5
9.931	 5.02	 5
9.932	 3.99	 5
9.936	 3.85	 5
9.937	 3.96	 5
9.942	 5.03	 5
9.942	 4.49	 6
9.944	 3.94	 5
9.956	 3.95	 5
9.956	 4.12	 5
9.956	 4.33	 5
9.958	 4.65	 5
9.964	 3.95	 6
9.967	 4.14	 5
9.971	 4.88	 3
9.978	 3.88	 6
9.990	 5.22	 5
9.999	 4.05	 5
10.011	 3.83	 5
10.018	 3.88	 5
10.025	 3.98	 5
10.026	 5.23	 5
10.031	 4.31	 5
10.033	 4.52	 5
10.034	 4.23	 6
10.035	 4.65	 5
10.041	 4.18	 5
10.041	 4.29	 5
10.045	 4.18	 6
10.047	 4.45	 5
10.055	 3.95	 5
10.057	 4.17	 5
10.058	 3.95	 5
10.059	 4.13	 1
10.060	 4.40	 5
10.069	 4.92	 5
10.070	 4.71	 5
10.070	 4.54	 5
10.087	 3.88	 5
10.097	 4.36	 5
10.099	 4.00	 5
10.100	 4.11	 5
10.105	 4.47	 5
10.106	 4.45	 5
10.107	 4.46	 5
10.122	 4.19	 5
10.125	 4.04	 6
10.131	 4.23	 5
10.134	 4.44	 5
10.135	 4.53	 5
10.146	 4.00	 6
10.149	 3.82	 5
10.152	 4.40	 5
10.153	 4.44	 5
10.157	 4.25	 5
10.162	 4.00	 6
10.170	 3.93	 5
10.182	 4.20	 5
10.205	 3.84	 5
10.207	 4.03	 4
10.208	 3.95	 5
10.216	 4.74	 5
10.220	 3.98	 5
10.224	 3.86	 5
10.228	 4.14	 5
10.230	 4.42	 5
10.230	 3.97	 5
10.234	 4.06	 6
10.239	 4.05	 5
10.242	 4.18	 5
10.246	 3.88	 5
10.247	 3.94	 5
10.251	 4.06	 5
10.253	 3.82	 5
10.257	 4.16	 5
10.258	 3.97	 5
10.276	 3.98	 5
10.280	 4.21	 5
10.285	 4.02	 5
10.289	 4.24	 5
10.290	 3.87	 5
10.291	 3.90	 6
10.297	 3.96	 5
10.319	 3.88	 5
10.323	 4.50	 5
10.327	 4.59	 1
10.329	 4.41	 6
10.330	 3.91	 6
10.349	 3.93	 5
10.364	 3.89	 5
10.380	 3.96	 5
10.380	 4.25	 5
10.383	 3.98	 5
10.389	 3.90	 4
10.399	 3.88	 5
10.404	 4.39	 1
10.421	 4.18	 5
10.428	 4.37	 5
10.429	 4.10	 5
10.444	 4.09	 5
10.444	 3.92	 5
10.457	 3.89	 6
10.464	 4.25	 5
10.484	 4.61	 5
10.512	 4.78	 5
10.513	 4.09	 5
10.543	 4.86	 5
10.547	 4.11	 5
10.555	 4.23	 5
10.577	 4.21	 5
10.579	 4.37	 5
10.592	 3.95	 5
10.615	 4.96	 5
10.636	 4.85	 5
10.655	 4.69	 5
10.707	 4.49	 5
10.707	 4.55	 5
10.708	 4.92	 1
10.731	 4.36	 5
10.732	 4.21	 3
10.748	 4.66	 5
10.761	 3.99	 5
10.773	 4.00	 6
10.773	 4.08	 5
10.781	 4.81	 6
10.798	 4.57	 5
10.810	 3.91	 5
10.821	 3.83	 5
10.823	 4.13	 1
10.825	 4.56	 5
10.836	 5.02	 5
10.842	 4.04	 5
10.872	 4.80	 5
10.873	 3.87	 5
10.876	 4.16	 6
10.889	 4.14	 5
10.892	 4.57	 7
10.902	 4.75	 5
10.917	 3.83	 5
10.957	 3.99	 5
10.961	 4.00	 5
10.964	 4.46	 5
10.970	 4.20	 6
10.974	 3.87	 5
10.983	 4.45	 1
11.011	 5.14	 5
11.035	 4.04	 5
11.058	 3.90	 8
11.066	 3.86	 5
11.078	 4.36	 5
11.079	 3.86	 5
11.083	 4.09	 1
11.102	 3.87	 5
11.106	 3.97	 5
11.163	 4.12	 5
11.185	 3.87	 3
11.187	 3.96	 5
11.219	 4.17	 5
11.231	 4.08	 5
11.249	 4.61	 6
11.254	 4.10	 5
11.262	 4.42	 5
11.267	 4.36	 5
11.268	 4.43	 5
11.279	 3.92	 5
11.312	 4.90	 5
11.315	 4.71	 5
11.340	 4.21	 6
11.364	 3.83	 6
11.388	 3.89	 5
11.396	 4.00	 1
11.397	 4.34	 5
11.397	 4.52	 5
11.399	 3.89	 5
11.420	 4.13	 5
11.429	 4.22	 5
11.452	 3.90	 6
11.473	 4.33	 5
11.486	 3.87	 5
11.487	 3.85	 5
11.538	 3.98	 5
11.546	 3.85	 5
11.567	 4.42	 6
11.583	 4.82	 5
11.587	 3.83	 6
11.630	 4.02	 5
11.651	 4.18	 5
11.707	 5.21	 5
11.732	 4.17	 6
11.761	 3.90	 5
11.762	 4.34	 5
11.766	 4.22	 5
11.778	 4.71	 5
11.816	 4.27	 1
11.835	 4.13	 5
11.856	 3.97	 5
11.865	 4.47	 5
11.907	 3.92	 7
11.908	 3.87	 5
11.954	 4.23	 5
11.970	 3.93	 5
11.985	 3.93	 5
11.995	 4.17	 5
12.020	 4.32	 5
12.029	 4.00	 5
12.059	 3.84	 3
12.073	 5.68	 5
12.078	 4.24	 6
12.092	 4.45	 1
12.129	 3.82	 5
12.190	 4.44	 6
12.191	 4.59	 4
12.199	 4.00	 5
12.228	 4.31	 6
12.242	 4.01	 4
12.244	 3.83	 6
12.251	 3.89	 5
12.255	 4.50	 5
12.276	 4.08	 7
12.284	 4.12	 5
12.289	 4.15	 5
12.291	 4.14	 1
12.295	 4.57	 5
12.368	 4.33	 6
12.399	 4.47	 5
12.406	 3.87	 5
12.458	 4.48	 5
12.527	 6.62	 5
12.533	 4.19	 4
12.547	 3.87	 6
12.555	 4.13	 6
12.565	 3.94	 5
12.571	 4.48	 6
12.586	 3.92	 1
12.587	 4.21	 6
12.590	 3.85	 6
12.598	 4.09	 6
12.601	 4.25	 6
12.617	 4.67	 6
12.620	 4.83	 6
12.631	 3.84	 5
12.651	 4.04	 5
12.652	 4.37	 6
12.678	 3.92	 3
12.681	 4.32	 7
12.684	 4.10	 6
12.707	 3.96	 5
12.745	 3.95	 7
12.751	 3.89	 5
12.759	 4.05	 5
12.767	 3.92	 6
12.767	 3.96	 6
12.784	 3.82	 6
12.794	 4.07	 6
12.806	 4.35	 6
12.813	 4.14	 6
12.819	 4.08	 5
12.825	 3.87	 1
12.839	 5.03	 6
12.861	 3.90	 6
12.868	 3.87	 6
12.869	 4.47	 1
12.889	 4.15	 5
12.918	 4.40	 6
12.935	 4.45	 6
12.945	 5.06	 7
12.959	 4.56	 2
12.970	 3.91	 6
12.986	 4.07	 6
13.005	 4.44	 5
13.024	 5.00	 7
13.047	 4.38	 5
13.062	 3.82	 3
13.071	 3.97	 6
13.076	 3.89	 5
13.087	 3.86	 8
13.089	 4.60	 5
13.113	 3.94	 1
13.118	 3.83	 6
13.145	 4.30	 6
13.208	 4.24	 5
13.220	 3.96	 6
13.226	 4.76	 6
13.237	 3.83	 5
13.264	 3.96	 5
13.270	 4.21	 5
13.274	 4.12	 6
13.305	 4.16	 5
13.352	 4.02	 6
13.373	 4.02	 7
13.385	 4.25	 6
13.401	 4.11	 6
13.411	 4.27	 5
13.418	 4.00	 5
13.423	 5.52	 6
13.441	 4.28	 3
13.448	 4.24	 5
13.466	 4.90	 5
13.470	 4.03	 5
13.475	 3.85	 5
13.500	 3.84	 7
13.508	 3.97	 6
13.515	 3.93	 7
13.524	 3.95	 3
13.543	 5.58	 5
13.601	 3.99	 6
13.602	 3.98	 5
13.613	 3.97	 1
13.624	 4.36	 5
13.688	 3.85	 5
13.745	 4.38	 5
13.749	 4.30	 5
13.855	 3.94	 2
13.870	 3.88	 6
13.880	 4.04	 4
13.906	 4.16	 5
13.922	 4.08	 7
13.929	 3.92	 1
13.960	 3.93	 6
