# Simulation 233
# RelativeTime(days) Magnitude Generation
Time Mag Gen
7.006	 3.95	 1
7.008	 5.57	 1
7.203	 4.64	 1
7.204	 3.93	 1
7.294	 4.14	 2
7.524	 4.59	 1
7.915	 4.21	 1
7.967	 4.02	 1
8.085	 3.90	 1
8.095	 4.34	 1
8.312	 3.91	 1
8.359	 4.43	 1
8.771	 3.97	 1
8.960	 5.01	 1
9.040	 6.59	 1
9.044	 4.00	 2
9.049	 3.98	 2
9.079	 7.32	 2
9.084	 5.46	 3
9.088	 4.31	 4
9.092	 4.20	 3
9.095	 3.83	 3
9.098	 3.95	 3
9.099	 4.24	 3
9.100	 4.38	 3
9.101	 3.98	 3
9.101	 4.66	 4
9.102	 3.95	 3
9.102	 3.90	 3
9.108	 4.04	 3
9.108	 5.59	 2
9.108	 4.03	 3
9.111	 4.09	 3
9.122	 3.86	 3
9.122	 4.23	 3
9.127	 3.99	 3
9.128	 5.68	 3
9.135	 5.72	 3
9.135	 3.97	 3
9.137	 4.40	 3
9.143	 4.10	 3
9.149	 3.92	 4
9.149	 4.06	 3
9.149	 4.21	 3
9.157	 4.02	 3
9.160	 4.29	 3
9.167	 3.88	 3
9.174	 6.30	 3
9.177	 3.94	 4
9.179	 4.31	 3
9.181	 3.85	 3
9.182	 4.02	 3
9.184	 3.85	 3
9.184	 4.52	 4
9.186	 3.84	 3
9.187	 5.70	 3
9.194	 4.08	 3
9.198	 3.93	 3
9.198	 4.21	 3
9.204	 3.91	 4
9.204	 4.12	 3
9.210	 4.14	 3
9.212	 3.93	 3
9.223	 4.44	 3
9.223	 4.02	 3
9.226	 4.07	 3
9.230	 4.02	 3
9.233	 4.22	 2
9.233	 3.89	 3
9.238	 4.15	 3
9.239	 3.82	 3
9.239	 4.11	 4
9.250	 3.88	 4
9.252	 3.83	 4
9.255	 3.84	 3
9.264	 3.91	 3
9.264	 4.11	 2
9.268	 4.04	 4
9.276	 4.48	 4
9.278	 4.24	 3
9.279	 4.50	 4
9.287	 3.89	 3
9.288	 4.96	 3
9.291	 3.90	 2
9.300	 4.09	 4
9.308	 4.26	 3
9.312	 4.02	 4
9.314	 3.87	 3
9.319	 4.01	 3
9.325	 4.15	 5
9.325	 3.84	 3
9.329	 4.78	 3
9.337	 3.92	 4
9.358	 4.46	 4
9.362	 4.20	 3
9.367	 3.89	 4
9.375	 4.06	 2
9.382	 3.88	 3
9.385	 4.83	 3
9.392	 5.45	 4
9.396	 4.46	 3
9.420	 4.02	 3
9.422	 4.26	 3
9.429	 4.36	 3
9.429	 4.05	 3
9.435	 4.41	 4
9.439	 4.08	 3
9.440	 4.33	 3
9.451	 4.09	 4
9.472	 3.88	 3
9.473	 4.85	 3
9.504	 3.88	 3
9.531	 3.99	 4
9.567	 3.86	 3
9.572	 5.55	 3
9.573	 3.89	 3
9.580	 6.12	 3
9.582	 4.23	 3
9.599	 4.94	 3
9.615	 5.22	 3
9.617	 3.95	 2
9.632	 4.34	 3
9.639	 3.98	 2
9.665	 4.99	 4
9.707	 3.96	 3
9.727	 4.15	 1
9.729	 3.84	 3
9.749	 4.01	 5
9.782	 4.05	 4
9.834	 3.98	 3
9.840	 4.18	 4
9.858	 4.16	 3
9.860	 3.82	 3
9.864	 5.32	 2
9.868	 3.87	 2
9.881	 3.83	 3
9.888	 4.03	 4
9.911	 4.18	 3
9.919	 4.41	 3
9.937	 3.83	 3
9.951	 4.14	 1
9.955	 4.13	 3
9.960	 3.98	 3
9.981	 3.86	 3
9.992	 4.19	 3
9.994	 4.14	 4
10.002	 4.97	 3
10.010	 4.13	 3
10.030	 4.08	 3
10.043	 4.11	 3
10.044	 4.14	 2
10.047	 3.87	 3
10.048	 3.87	 3
10.051	 3.92	 4
10.062	 4.20	 3
10.069	 4.76	 3
10.106	 4.83	 3
10.133	 4.67	 3
10.164	 4.25	 4
10.173	 3.91	 3
10.187	 4.34	 2
10.193	 3.95	 4
10.207	 4.39	 3
10.222	 3.99	 4
10.267	 3.85	 3
10.291	 3.90	 1
10.296	 4.02	 3
10.297	 5.04	 2
10.301	 4.90	 4
10.329	 4.46	 4
10.332	 3.85	 3
10.342	 4.51	 4
10.366	 5.04	 5
10.382	 4.99	 4
10.383	 4.12	 3
10.387	 3.88	 4
10.400	 3.88	 3
10.407	 3.82	 2
10.415	 3.86	 3
10.422	 4.49	 6
10.430	 3.93	 3
10.447	 4.34	 3
10.452	 4.01	 3
10.456	 3.94	 5
10.461	 4.60	 3
10.472	 3.89	 4
10.479	 5.03	 3
10.535	 4.03	 4
10.550	 4.48	 1
10.580	 3.84	 4
10.631	 4.19	 1
10.641	 4.25	 1
10.649	 4.18	 2
10.658	 3.87	 3
10.711	 3.85	 3
10.754	 3.95	 2
10.755	 3.85	 3
10.760	 3.92	 2
10.764	 6.58	 3
10.775	 4.06	 4
10.782	 3.95	 4
10.799	 4.44	 4
10.799	 3.88	 4
10.803	 4.38	 4
10.806	 3.89	 3
10.812	 4.05	 4
10.815	 4.07	 5
10.837	 4.18	 1
10.852	 3.90	 4
10.860	 3.84	 4
10.870	 3.84	 4
10.873	 3.91	 3
10.885	 4.01	 5
10.914	 4.72	 3
10.919	 3.99	 4
10.938	 5.32	 4
11.007	 3.99	 1
11.096	 3.95	 4
11.099	 4.67	 3
11.122	 4.48	 5
11.164	 3.84	 3
11.172	 4.73	 4
11.214	 4.21	 4
11.227	 4.03	 5
11.237	 3.86	 4
11.242	 4.07	 4
11.257	 4.94	 3
11.290	 4.02	 4
11.291	 4.13	 4
11.294	 4.60	 3
11.342	 3.84	 4
11.408	 4.15	 4
11.419	 5.09	 4
11.460	 4.94	 3
11.475	 4.49	 4
11.496	 5.26	 4
11.521	 3.82	 4
11.546	 4.17	 2
11.578	 3.86	 4
11.593	 4.06	 4
11.604	 3.96	 5
11.633	 4.79	 4
11.634	 4.70	 5
11.664	 4.33	 3
11.686	 3.83	 5
11.717	 4.30	 4
11.742	 5.47	 3
11.756	 3.97	 4
11.767	 5.82	 2
11.794	 3.84	 4
11.807	 4.01	 3
11.856	 3.96	 4
11.893	 4.13	 1
11.952	 4.78	 4
11.952	 4.36	 5
12.054	 3.92	 5
12.060	 4.14	 2
12.071	 3.94	 1
12.087	 4.12	 4
12.101	 4.02	 4
12.109	 4.89	 2
12.136	 4.01	 4
12.155	 4.58	 1
12.168	 3.87	 4
12.179	 5.26	 5
12.191	 4.62	 1
12.195	 4.02	 5
12.236	 3.89	 3
12.267	 3.85	 2
12.318	 4.43	 1
12.365	 4.16	 3
12.439	 4.18	 5
12.462	 3.91	 2
12.508	 4.05	 4
12.512	 4.48	 3
12.529	 4.32	 3
12.570	 4.30	 3
12.581	 4.39	 4
12.584	 5.12	 2
12.620	 3.99	 3
12.628	 4.78	 4
12.630	 4.28	 3
12.721	 4.15	 4
12.727	 3.84	 1
12.751	 3.97	 3
12.801	 4.27	 4
12.890	 3.92	 3
12.899	 5.27	 3
12.900	 4.62	 3
12.907	 4.06	 3
12.920	 4.98	 4
12.979	 4.42	 3
12.997	 3.92	 5
13.036	 4.12	 1
13.048	 3.93	 2
13.095	 3.84	 4
13.174	 4.45	 3
13.175	 3.83	 4
13.185	 3.82	 1
13.232	 5.70	 1
13.233	 4.42	 4
13.249	 4.40	 1
13.275	 4.12	 4
13.326	 4.83	 2
13.331	 5.39	 1
13.380	 3.83	 2
13.427	 4.09	 4
13.563	 4.57	 2
