# Simulation 73
# RelativeTime(days) Magnitude Generation
Time Mag Gen
7.072	 4.23	 1
7.115	 4.42	 1
7.376	 4.07	 1
7.520	 4.48	 1
7.640	 4.27	 1
7.724	 4.03	 1
7.739	 4.11	 1
8.205	 4.46	 1
8.296	 4.00	 1
8.328	 3.84	 1
8.538	 4.94	 1
8.772	 4.93	 1
9.007	 3.91	 1
9.080	 4.30	 1
9.196	 4.08	 1
9.415	 4.18	 1
9.716	 3.91	 1
9.771	 3.89	 1
9.799	 4.39	 1
10.010	 4.35	 1
10.384	 3.94	 1
11.136	 4.11	 1
11.489	 3.93	 1
11.525	 3.92	 1
11.826	 4.33	 1
11.886	 3.83	 1
11.887	 4.18	 1
11.893	 4.13	 1
12.283	 3.90	 1
12.409	 4.02	 1
12.657	 4.40	 1
12.770	 3.84	 1
13.016	 3.85	 1
13.528	 4.01	 1
13.718	 4.61	 1
13.915	 4.12	 1
